0.85000000
0.84999610
0.84998438
0.84996486
0.84993753
0.84990239
0.84985945
0.84980869
0.84975013
0.84968377
0.84960960
0.84952764
0.84943787
0.84934030
0.84923493
0.84912176
0.84900081
0.84887206
0.84873552
0.84859119
0.84843908
0.84827918
0.84811150
0.84793605
0.84775282
0.84756183
0.84736306
0.84715653
0.84694224
0.84672019
0.84649038
0.84625283
0.84600753
0.84575449
0.84549371
0.84522520
0.84494896
0.84466499
0.84437331
0.84407391
0.84376680
0.84345199
0.84312948
0.84279927
0.84246138
0.84211580
0.84176255
0.84140163
0.84103305
0.84065680
0.84027291
0.83988136
0.83948218
0.83907537
0.83866093
0.83823888
0.83780921
0.83737194
0.83692707
0.83647461
0.83601457
0.83554696
0.83507178
0.83458904
0.83409875
0.83360092
0.83309556
0.83258267
0.83206226
0.83153435
0.83099894
0.83045604
0.82990566
0.82934780
0.82878249
0.82820972
0.82762951
0.82704186
0.82644680
0.82584432
0.82523443
0.82461715
0.82399249
0.82336046
0.82272106
0.82207432
0.82142023
0.82075882
0.82009008
0.81941404
0.81873071
0.81804009
0.81734219
0.81663704
0.81592464
0.81520499
0.81447813
0.81374405
0.81300277
0.81225430
0.81149866
0.81073585
0.80996589
0.80918880
0.80840458
0.80761325
0.80681482
0.80600930
0.80519672
0.80437707
0.80355038
0.80271666
0.80187593
0.80102819
0.80017346
0.79931176
0.79844310
0.79756750
0.79668496
0.79579551
0.79489916
0.79399592
0.79308581
0.79216885
0.79124504
0.79031441
0.78937697
0.78843274
0.78748172
0.78652395
0.78555943
0.78458818
0.78361021
0.78262554
0.78163420
0.78063619
0.77963153
0.77862024
0.77760233
0.77657783
0.77554674
0.77450909
0.77346490
0.77241417
0.77135694
0.77029321
0.76922300
0.76814633
0.76706323
0.76597370
0.76487776
0.76377544
0.76266675
0.76155171
0.76043034
0.75930266
0.75816868
0.75702843
0.75588192
0.75472917
0.75357020
0.75240504
0.75123369
0.75005619
0.74887254
0.74768277
0.74648690
0.74528495
0.74407694
0.74286288
0.74164280
0.74041672
0.73918466
0.73794664
0.73670267
0.73545279
0.73419701
0.73293534
0.73166782
0.73039446
0.72911529
0.72783032
0.72653958
0.72524308
0.72394085
0.72263292
0.72131929
0.72000000
0.71867506
0.71734450
0.71600834
0.71466660
0.71331930
0.71196647
0.71060812
0.70924429
0.70787498
0.70650023
0.70512006
0.70373449
0.70234354
0.70094723
0.69954559
0.69813865
0.69672642
0.69530892
0.69388619
0.69245824
0.69102509
0.68958678
0.68814332
0.68669474
0.68524106
0.68378231
0.68231850
0.68084967
0.67937584
0.67789702
0.67641325
0.67492456
0.67343095
0.67193246
0.67042912
0.66892094
0.66740796
0.66589019
0.66436766
0.66284040
0.66130843
0.65977177
0.65823046
0.65668451
0.65513395
0.65357881
0.65201911
0.65045488
0.64888614
0.64731291
0.64573523
0.64415312
0.64256660
0.64097570
0.63938045
0.63778087
0.63617699
0.63456883
0.63295642
0.63133979
0.62971896
0.62809395
0.62646480
0.62483154
0.62319417
0.62155275
0.61990728
0.61825780
0.61660433
0.61494690
0.61328554
0.61162027
0.60995112
0.60827811
0.60660129
0.60492066
0.60323626
0.60154811
0.59985625
0.59816069
0.59646148
0.59475862
0.59305216
0.59134211
0.58962852
0.58791139
0.58619076
0.58446667
0.58273913
0.58100817
0.57927382
0.57753611
0.57579507
0.57405073
0.57230310
0.57055223
0.56879813
0.56704084
0.56528038
0.56351679
0.56175009
0.55998030
0.55820746
0.55643159
0.55465273
0.55287090
0.55108613
0.54929845
0.54750788
0.54571445
0.54391820
0.54211915
0.54031733
0.53851277
0.53670550
0.53489554
0.53308292
0.53126768
0.52944984
0.52762943
0.52580648
0.52398101
0.52215306
0.52032266
0.51848983
0.51665460
0.51481701
0.51297707
0.51113483
0.50929030
0.50744352
0.50559452
0.50374332
0.50188995
0.50003445
0.49817684
0.49631715
0.49445542
0.49259166
0.49072591
0.48885820
0.48698855
0.48511700
0.48324358
0.48136831
0.47949123
0.47761235
0.47573172
0.47384936
0.47196530
0.47007958
0.46819221
0.46630322
0.46441266
0.46252054
0.46062690
0.45873176
0.45683516
0.45493713
0.45303768
0.45113686
0.44923469
0.44733120
0.44542643
0.44352039
0.44161312
0.43970465
0.43779501
0.43588422
0.43397233
0.43205934
0.43014531
0.42823024
0.42631419
0.42439716
0.42247920
0.42056033
0.41864058
0.41671998
0.41479856
0.41287634
0.41095337
0.40902967
0.40710526
0.40518017
0.40325445
0.40132810
0.39940117
0.39747368
0.39554567
0.39361716
0.39168817
0.38975875
0.38782891
0.38589869
0.38396812
0.38203723
0.38010604
0.37817458
0.37624289
0.37431098
0.37237890
0.37044667
0.36851432
0.36658188
0.36464937
0.36271683
0.36078428
0.35885176
0.35691929
0.35498690
0.35305462
0.35112248
0.34919050
0.34725873
0.34532717
0.34339587
0.34146485
0.33953415
0.33760378
0.33567377
0.33374417
0.33181499
0.32988626
0.32795802
0.32603028
0.32410308
0.32217645
0.32025041
0.31832500
0.31640023
0.31447615
0.31255278
0.31063013
0.30870826
0.30678717
0.30486691
0.30294749
0.30102895
0.29911131
0.29719460
0.29527885
0.29336409
0.29145034
0.28953764
0.28762600
0.28571546
0.28380605
0.28189779
0.27999071
0.27808484
0.27618020
0.27427682
0.27237474
0.27047396
0.26857454
0.26667648
0.26477982
0.26288459
0.26099081
0.25909850
0.25720771
0.25531844
0.25343074
0.25154462
0.24966011
0.24777725
0.24589604
0.24401654
0.24213875
0.24026270
0.23838843
0.23651595
0.23464530
0.23277650
0.23090958
0.22904456
0.22718147
0.22532033
0.22346117
0.22160402
0.21974890
0.21789584
0.21604486
0.21419599
0.21234926
0.21050469
0.20866230
0.20682212
0.20498418
0.20314850
0.20131510
0.19948402
0.19765527
0.19582889
0.19400489
0.19218331
0.19036415
0.18854746
0.18673326
0.18492156
0.18311240
0.18130580
0.17950178
0.17770037
0.17590159
0.17410547
0.17231202
0.17052128
0.16873327
0.16694801
0.16516552
0.16338584
0.16160897
0.15983495
0.15806381
0.15629555
0.15453021
0.15276781
0.15100838
0.14925192
0.14749848
0.14574807
0.14400072
0.14225644
0.14051526
0.13877721
0.13704230
0.13531056
0.13358201
0.13185667
0.13013457
0.12841572
0.12670015
0.12498789
0.12327894
0.12157334
0.11987111
0.11817227
0.11647683
0.11478483
0.11309628
0.11141120
0.10972962
0.10805156
0.10637703
0.10470606
0.10303867
0.10137488
0.09971471
0.09805818
0.09640532
0.09475613
0.09311065
0.09146889
0.08983088
0.08819663
0.08656616
0.08493949
0.08331665
0.08169765
0.08008251
0.07847126
0.07686390
0.07526047
0.07366097
0.07206544
0.07047388
0.06888632
0.06730278
0.06572327
0.06414782
0.06257643
0.06100914
0.05944596
0.05788690
0.05633200
0.05478125
0.05323469
0.05169232
0.05015418
0.04862027
0.04709061
0.04556522
0.04404412
0.04252733
0.04101486
0.03950673
0.03800295
0.03650355
0.03500855
0.03351794
0.03203177
0.03055003
0.02907275
0.02759994
0.02613163
0.02466782
0.02320853
0.02175378
0.02030358
0.01885796
0.01741692
0.01598048
0.01454865
0.01312146
0.01169891
0.01028103
0.00886782
0.00745931
0.00605550
0.00465641
0.00326206
0.00187246
0.00048763
-0.00089243
-0.00226769
-0.00363815
-0.00500378
-0.00636458
-0.00772053
-0.00907161
-0.01041782
-0.01175914
-0.01309556
-0.01442706
-0.01575363
-0.01707526
-0.01839193
-0.01970363
-0.02101036
-0.02231208
-0.02360881
-0.02490051
-0.02618719
-0.02746882
-0.02874539
-0.03001690
-0.03128333
-0.03254467
-0.03380091
-0.03505203
-0.03629803
-0.03753890
-0.03877461
-0.04000517
-0.04123056
-0.04245076
-0.04366578
-0.04487559
-0.04608019
-0.04727957
-0.04847372
-0.04966262
-0.05084627
-0.05202466
-0.05319778
-0.05436561
-0.05552815
-0.05668538
-0.05783731
-0.05898392
-0.06012519
-0.06126113
-0.06239172
-0.06351695
-0.06463682
-0.06575131
-0.06686042
-0.06796414
-0.06906246
-0.07015537
-0.07124287
-0.07232495
-0.07340159
-0.07447279
-0.07553855
-0.07659885
-0.07765370
-0.07870307
-0.07974697
-0.08078538
-0.08181831
-0.08284573
-0.08386766
-0.08488407
-0.08589497
-0.08690035
-0.08790019
-0.08889450
-0.08988327
-0.09086649
-0.09184416
-0.09281627
-0.09378282
-0.09474379
-0.09569919
-0.09664902
-0.09759325
-0.09853189
-0.09946494
-0.10039239
-0.10131423
-0.10223047
-0.10314109
-0.10404609
-0.10494547
-0.10583922
-0.10672734
-0.10760983
-0.10848668
-0.10935788
-0.11022345
-0.11108336
-0.11193762
-0.11278622
-0.11362917
-0.11446645
-0.11529807
-0.11612402
-0.11694430
-0.11775891
-0.11856785
-0.11937110
-0.12016868
-0.12096058
-0.12174679
-0.12252732
-0.12330216
-0.12407131
-0.12483477
-0.12559254
-0.12634461
-0.12709100
-0.12783168
-0.12856667
-0.12929596
-0.13001956
-0.13073745
-0.13144965
-0.13215615
-0.13285695
-0.13355204
-0.13424144
-0.13492514
-0.13560313
-0.13627543
-0.13694202
-0.13760292
-0.13825812
-0.13890762
-0.13955143
-0.14018954
-0.14082195
-0.14144867
-0.14206969
-0.14268503
-0.14329467
-0.14389863
-0.14449690
-0.14508948
-0.14567638
-0.14625760
-0.14683314
-0.14740300
-0.14796719
-0.14852571
-0.14907855
-0.14962573
-0.15016725
-0.15070310
-0.15123329
-0.15175783
-0.15227672
-0.15278995
-0.15329754
-0.15379949
-0.15429580
-0.15478647
-0.15527152
-0.15575093
-0.15622472
-0.15669289
-0.15715545
-0.15761239
-0.15806373
-0.15850947
-0.15894961
-0.15938416
-0.15981311
-0.16023649
-0.16065429
-0.16106651
-0.16147317
-0.16187426
-0.16226980
-0.16265979
-0.16304423
-0.16342313
-0.16379649
-0.16416433
-0.16452664
-0.16488344
-0.16523473
-0.16558052
-0.16592081
-0.16625561
-0.16658492
-0.16690876
-0.16722712
-0.16754003
-0.16784747
-0.16814947
-0.16844602
-0.16873714
-0.16902284
-0.16930311
-0.16957797
-0.16984742
-0.17011148
-0.17037015
-0.17062344
-0.17087135
-0.17111390
-0.17135110
-0.17158294
-0.17180945
-0.17203062
-0.17224648
-0.17245701
-0.17266225
-0.17286218
-0.17305683
-0.17324621
-0.17343031
-0.17360915
-0.17378275
-0.17395110
-0.17411422
-0.17427212
-0.17442481
-0.17457229
-0.17471459
-0.17485170
-0.17498364
-0.17511042
-0.17523204
-0.17534853
-0.17545988
-0.17556611
-0.17566724
-0.17576326
-0.17585420
-0.17594006
-0.17602085
-0.17609659
-0.17616728
-0.17623294
-0.17629358
-0.17634921
-0.17639984
-0.17644548
-0.17648614
-0.17652184
-0.17655259
-0.17657840
-0.17659928
-0.17661524
-0.17662630
-0.17663247
-0.17663375
-0.17663017
-0.17662173
-0.17660845
-0.17659034
-0.17656742
-0.17653968
-0.17650716
-0.17646985
-0.17642778
-0.17638096
-0.17632940
-0.17627311
-0.17621210
-0.17614640
-0.17607601
-0.17600094
-0.17592122
-0.17583684
-0.17574784
-0.17565422
-0.17555599
-0.17545317
-0.17534578
-0.17523382
-0.17511731
-0.17499627
-0.17487071
-0.17474064
-0.17460608
-0.17446704
-0.17432354
-0.17417559
-0.17402321
-0.17386641
-0.17370520
-0.17353961
-0.17336964
-0.17319532
-0.17301665
-0.17283365
-0.17264633
-0.17245472
-0.17225883
-0.17205867
-0.17185425
-0.17164560
-0.17143273
-0.17121565
-0.17099438
-0.17076894
-0.17053934
-0.17030560
-0.17006773
-0.16982575
-0.16957968
-0.16932953
-0.16907531
-0.16881705
-0.16855476
-0.16828846
-0.16801816
-0.16774388
-0.16746563
-0.16718344
-0.16689731
-0.16660728
-0.16631334
-0.16601553
-0.16571385
-0.16540832
-0.16509896
-0.16478579
-0.16446883
-0.16414808
-0.16382357
-0.16349532
-0.16316334
-0.16282765
-0.16248827
-0.16214521
-0.16179849
-0.16144813
-0.16109415
-0.16073657
-0.16037539
-0.16001065
-0.15964235
-0.15927051
-0.15889516
-0.15851631
-0.15813398
-0.15774819
-0.15735895
-0.15696628
-0.15657020
-0.15617073
-0.15576788
-0.15536168
-0.15495215
-0.15453929
-0.15412313
-0.15370369
-0.15328099
-0.15285504
-0.15242586
-0.15199348
-0.15155790
-0.15111915
-0.15067725
-0.15023222
-0.14978406
-0.14933281
-0.14887848
-0.14842109
-0.14796066
-0.14749721
-0.14703075
-0.14656131
-0.14608890
-0.14561354
-0.14513526
-0.14465407
-0.14416998
-0.14368303
-0.14319322
-0.14270058
-0.14220512
-0.14170687
-0.14120585
-0.14070206
-0.14019554
-0.13968631
-0.13917437
-0.13865975
-0.13814247
-0.13762255
-0.13710001
-0.13657487
-0.13604714
-0.13551685
-0.13498402
-0.13444866
-0.13391079
-0.13337044
-0.13282763
-0.13228236
-0.13173467
-0.13118457
-0.13063208
-0.13007723
-0.12952002
-0.12896049
-0.12839864
-0.12783451
-0.12726810
-0.12669945
-0.12612856
-0.12555546
-0.12498017
-0.12440271
-0.12382309
-0.12324135
-0.12265749
-0.12207153
-0.12148351
-0.12089342
-0.12030131
-0.11970718
-0.11911106
-0.11851296
-0.11791291
-0.11731093
-0.11670702
-0.11610123
-0.11549356
-0.11488403
-0.11427267
-0.11365949
-0.11304452
-0.11242777
-0.11180926
-0.11118902
-0.11056706
-0.10994341
-0.10931807
-0.10869108
-0.10806246
-0.10743222
-0.10680038
-0.10616696
-0.10553199
-0.10489547
-0.10425744
-0.10361791
-0.10297691
-0.10233444
-0.10169054
-0.10104522
-0.10039850
-0.09975040
-0.09910094
-0.09845014
-0.09779803
-0.09714461
-0.09648991
-0.09583395
-0.09517676
-0.09451834
-0.09385872
-0.09319792
-0.09253595
-0.09187285
-0.09120862
-0.09054330
-0.08987688
-0.08920941
-0.08854089
-0.08787135
-0.08720080
-0.08652927
-0.08585678
-0.08518334
-0.08450897
-0.08383370
-0.08315754
-0.08248051
-0.08180264
-0.08112393
-0.08044442
-0.07976412
-0.07908305
-0.07840123
-0.07771867
-0.07703541
-0.07635145
-0.07566682
-0.07498154
-0.07429562
-0.07360908
-0.07292195
-0.07223424
-0.07154598
-0.07085717
-0.07016785
-0.06947802
-0.06878772
-0.06809695
-0.06740574
-0.06671410
-0.06602206
-0.06532964
-0.06463684
-0.06394370
-0.06325023
-0.06255644
-0.06186237
-0.06116802
-0.06047342
-0.05977858
-0.05908352
-0.05838827
-0.05769284
-0.05699724
-0.05630150
-0.05560564
-0.05490967
-0.05421362
-0.05351750
-0.05282132
-0.05212512
-0.05142890
-0.05073268
-0.05003649
-0.04934034
-0.04864425
-0.04794824
-0.04725232
-0.04655652
-0.04586084
-0.04516532
-0.04446997
-0.04377480
-0.04307983
-0.04238508
-0.04169058
-0.04099633
-0.04030235
-0.03960867
-0.03891530
-0.03822225
-0.03752956
-0.03683722
-0.03614526
-0.03545370
-0.03476256
-0.03407184
-0.03338158
-0.03269178
-0.03200247
-0.03131366
-0.03062536
-0.02993761
-0.02925040
-0.02856376
-0.02787771
-0.02719227
-0.02650744
-0.02582325
-0.02513971
-0.02445684
-0.02377466
-0.02309319
-0.02241243
-0.02173241
-0.02105314
-0.02037464
-0.01969693
-0.01902002
-0.01834393
-0.01766867
-0.01699427
-0.01632073
-0.01564807
-0.01497631
-0.01430547
-0.01363555
-0.01296659
-0.01229858
-0.01163155
-0.01096552
-0.01030050
-0.00963650
-0.00897354
-0.00831164
-0.00765080
-0.00699106
-0.00633241
-0.00567489
-0.00501849
-0.00436325
-0.00370916
-0.00305625
-0.00240454
-0.00175403
-0.00110474
-0.00045669
0.00019010
0.00083564
0.00147989
0.00212284
0.00276449
0.00340481
0.00404379
0.00468142
0.00531769
0.00595257
0.00658605
0.00721813
0.00784878
0.00847800
0.00910577
0.00973207
0.01035689
0.01098022
0.01160204
0.01222234
0.01284111
0.01345834
0.01407400
0.01468809
0.01530059
0.01591150
0.01652079
0.01712845
0.01773448
0.01833886
0.01894157
0.01954260
0.02014194
0.02073959
0.02133551
0.02192971
0.02252217
0.02311287
0.02370181
0.02428897
0.02487435
0.02545792
0.02603968
0.02661961
0.02719771
0.02777396
0.02834834
0.02892085
0.02949148
0.03006022
0.03062704
0.03119195
0.03175492
0.03231596
0.03287504
0.03343216
0.03398730
0.03454046
0.03509162
0.03564077
0.03618791
0.03673301
0.03727608
0.03781709
0.03835604
0.03889293
0.03942773
0.03996043
0.04049104
0.04101953
0.04154590
0.04207014
0.04259224
0.04311218
0.04362996
0.04414557
0.04465899
0.04517023
0.04567926
0.04618609
0.04669069
0.04719307
0.04769321
0.04819110
0.04868674
0.04918011
0.04967120
0.05016002
0.05064654
0.05113076
0.05161267
0.05209227
0.05256953
0.05304447
0.05351706
0.05398730
0.05445518
0.05492069
0.05538383
0.05584459
0.05630295
0.05675892
0.05721248
0.05766362
0.05811235
0.05855864
0.05900250
0.05944391
0.05988287
0.06031937
0.06075341
0.06118498
0.06161406
0.06204066
0.06246476
0.06288637
0.06330547
0.06372205
0.06413612
0.06454765
0.06495666
0.06536313
0.06576705
0.06616842
0.06656723
0.06696348
0.06735716
0.06774827
0.06813680
0.06852273
0.06890608
0.06928683
0.06966498
0.07004051
0.07041344
0.07078374
0.07115142
0.07151648
0.07187889
0.07223867
0.07259581
0.07295029
0.07330213
0.07365130
0.07399782
0.07434166
0.07468284
0.07502134
0.07535716
0.07569030
0.07602075
0.07634850
0.07667356
0.07699593
0.07731558
0.07763254
0.07794678
0.07825830
0.07856711
0.07887320
0.07917656
0.07947720
0.07977510
0.08007027
0.08036271
0.08065240
0.08093936
0.08122356
0.08150502
0.08178373
0.08205969
0.08233288
0.08260333
0.08287101
0.08313593
0.08339808
0.08365747
0.08391408
0.08416793
0.08441901
0.08466731
0.08491283
0.08515558
0.08539554
0.08563273
0.08586713
0.08609875
0.08632758
0.08655363
0.08677689
0.08699737
0.08721505
0.08742994
0.08764205
0.08785136
0.08805787
0.08826160
0.08846253
0.08866067
0.08885601
0.08904856
0.08923831
0.08942527
0.08960943
0.08979080
0.08996937
0.09014515
0.09031814
0.09048832
0.09065572
0.09082032
0.09098212
0.09114114
0.09129736
0.09145079
0.09160143
0.09174928
0.09189434
0.09203661
0.09217610
0.09231280
0.09244671
0.09257784
0.09270619
0.09283176
0.09295455
0.09307457
0.09319180
0.09330627
0.09341796
0.09352688
0.09363303
0.09373641
0.09383703
0.09393489
0.09402998
0.09412232
0.09421190
0.09429873
0.09438281
0.09446414
0.09454272
0.09461856
0.09469166
0.09476202
0.09482964
0.09489454
0.09495670
0.09501614
0.09507285
0.09512685
0.09517813
0.09522669
0.09527255
0.09531570
0.09535614
0.09539389
0.09542894
0.09546130
0.09549097
0.09551795
0.09554226
0.09556388
0.09558284
0.09559913
0.09561275
0.09562371
0.09563202
0.09563767
0.09564068
0.09564104
0.09563877
0.09563386
0.09562632
0.09561616
0.09560338
0.09558799
0.09556998
0.09554937
0.09552616
0.09550035
0.09547196
0.09544098
0.09540742
0.09537128
0.09533258
0.09529132
0.09524749
0.09520112
0.09515219
0.09510073
0.09504673
0.09499020
0.09493115
0.09486958
0.09480550
0.09473891
0.09466982
0.09459824
0.09452417
0.09444761
0.09436859
0.09428709
0.09420313
0.09411672
0.09402785
0.09393654
0.09384280
0.09374662
0.09364803
0.09354701
0.09344359
0.09333776
0.09322954
0.09311893
0.09300593
0.09289056
0.09277283
0.09265273
0.09253028
0.09240548
0.09227835
0.09214888
0.09201709
0.09188298
0.09174656
0.09160784
0.09146683
0.09132353
0.09117795
0.09103010
0.09087999
0.09072762
0.09057300
0.09041615
0.09025706
0.09009575
0.08993223
0.08976649
0.08959856
0.08942844
0.08925613
0.08908165
0.08890501
0.08872620
0.08854525
0.08836216
0.08817693
0.08798958
0.08780011
0.08760854
0.08741487
0.08721911
0.08702127
0.08682136
0.08661939
0.08641536
0.08620928
0.08600118
0.08579104
0.08557888
0.08536472
0.08514856
0.08493040
0.08471027
0.08448816
0.08426409
0.08403807
0.08381010
0.08358020
0.08334837
0.08311462
0.08287897
0.08264142
0.08240198
0.08216067
0.08191749
0.08167244
0.08142555
0.08117682
0.08092626
0.08067388
0.08041969
0.08016370
0.07990592
0.07964636
0.07938503
0.07912194
0.07885710
0.07859052
0.07832221
0.07805217
0.07778043
0.07750699
0.07723186
0.07695504
0.07667656
0.07639642
0.07611463
0.07583121
0.07554615
0.07525948
0.07497120
0.07468132
0.07438986
0.07409682
0.07380221
0.07350605
0.07320835
0.07290911
0.07260835
0.07230607
0.07200230
0.07169703
0.07139028
0.07108206
0.07077239
0.07046126
0.07014870
0.06983471
0.06951930
0.06920249
0.06888429
0.06856470
0.06824374
0.06792142
0.06759774
0.06727273
0.06694639
0.06661873
0.06628977
0.06595950
0.06562796
0.06529514
0.06496106
0.06462572
0.06428915
0.06395135
0.06361233
0.06327210
0.06293068
0.06258807
0.06224429
0.06189935
0.06155325
0.06120602
0.06085766
0.06050818
0.06015759
0.05980591
0.05945315
0.05909932
0.05874442
0.05838848
0.05803149
0.05767348
0.05731446
0.05695443
0.05659341
0.05623141
0.05586844
0.05550451
0.05513963
0.05477382
0.05440708
0.05403943
0.05367088
0.05330144
0.05293112
0.05255994
0.05218790
0.05181501
0.05144129
0.05106675
0.05069141
0.05031526
0.04993833
0.04956062
0.04918215
0.04880292
0.04842296
0.04804227
0.04766085
0.04727874
0.04689593
0.04651243
0.04612826
0.04574344
0.04535796
0.04497185
0.04458511
0.04419776
0.04380980
0.04342126
0.04303213
0.04264243
0.04225218
0.04186139
0.04147006
0.04107820
0.04068584
0.04029298
0.03989963
0.03950580
0.03911151
0.03871676
0.03832157
0.03792596
0.03752992
0.03713347
0.03673663
0.03633940
0.03594180
0.03554384
0.03514553
0.03474687
0.03434789
0.03394859
0.03354899
0.03314909
0.03274891
0.03234846
0.03194775
0.03154679
0.03114559
0.03074417
0.03034253
0.02994069
0.02953865
0.02913644
0.02873405
0.02833151
0.02792881
0.02752599
0.02712303
0.02671996
0.02631679
0.02591353
0.02551019
0.02510677
0.02470330
0.02429978
0.02389623
0.02349265
0.02308905
0.02268545
0.02228186
0.02187829
0.02147474
0.02107124
0.02066779
0.02026440
0.01986109
0.01945785
0.01905472
0.01865169
0.01824877
0.01784598
0.01744333
0.01704083
0.01663849
0.01623632
0.01583433
0.01543253
0.01503093
0.01462955
0.01422839
0.01382746
0.01342678
0.01302635
0.01262619
0.01222630
0.01182670
0.01142740
0.01102840
0.01062972
0.01023137
0.00983336
0.00943570
0.00903839
0.00864146
0.00824490
0.00784874
0.00745297
0.00705761
0.00666268
0.00626817
0.00587410
0.00548049
0.00508733
0.00469465
0.00430244
0.00391073
0.00351951
0.00312881
0.00273862
0.00234897
0.00195985
0.00157128
0.00118328
0.00079584
0.00040898
0.00002270
-0.00036297
-0.00074804
-0.00113249
-0.00151632
-0.00189950
-0.00228205
-0.00266394
-0.00304516
-0.00342572
-0.00380558
-0.00418476
-0.00456324
-0.00494100
-0.00531805
-0.00569437
-0.00606994
-0.00644478
-0.00681885
-0.00719216
-0.00756470
-0.00793645
-0.00830741
-0.00867757
-0.00904692
-0.00941545
-0.00978316
-0.01015002
-0.01051605
-0.01088122
-0.01124552
-0.01160896
-0.01197152
-0.01233318
-0.01269396
-0.01305382
-0.01341278
-0.01377081
-0.01412791
-0.01448407
-0.01483929
-0.01519355
-0.01554685
-0.01589918
-0.01625053
-0.01660089
-0.01695025
-0.01729861
-0.01764596
-0.01799229
-0.01833760
-0.01868186
-0.01902509
-0.01936726
-0.01970838
-0.02004843
-0.02038740
-0.02072530
-0.02106210
-0.02139781
-0.02173242
-0.02206591
-0.02239828
-0.02272953
-0.02305965
-0.02338862
-0.02371645
-0.02404312
-0.02436862
-0.02469296
-0.02501612
-0.02533810
-0.02565889
-0.02597848
-0.02629687
-0.02661404
-0.02693000
-0.02724473
-0.02755823
-0.02787049
-0.02818150
-0.02849127
-0.02879977
-0.02910702
-0.02941299
-0.02971768
-0.03002109
-0.03032321
-0.03062403
-0.03092355
-0.03122176
-0.03151866
-0.03181423
-0.03210848
-0.03240139
-0.03269296
-0.03298319
-0.03327207
-0.03355959
-0.03384575
-0.03413054
-0.03441395
-0.03469599
-0.03497664
-0.03525590
-0.03553376
-0.03581022
-0.03608527
-0.03635891
-0.03663113
-0.03690193
-0.03717130
-0.03743923
-0.03770573
-0.03797078
-0.03823438
-0.03849653
-0.03875721
-0.03901644
-0.03927419
-0.03953047
-0.03978527
-0.04003859
-0.04029042
-0.04054076
-0.04078960
-0.04103694
-0.04128277
-0.04152709
-0.04176990
-0.04201118
-0.04225094
-0.04248918
-0.04272588
-0.04296104
-0.04319467
-0.04342675
-0.04365728
-0.04388626
-0.04411368
-0.04433954
-0.04456383
-0.04478656
-0.04500772
-0.04522730
-0.04544530
-0.04566172
-0.04587655
-0.04608979
-0.04630144
-0.04651149
-0.04671994
-0.04692679
-0.04713203
-0.04733566
-0.04753768
-0.04773808
-0.04793687
-0.04813403
-0.04832957
-0.04852347
-0.04871575
-0.04890640
-0.04909540
-0.04928277
-0.04946850
-0.04965258
-0.04983501
-0.05001580
-0.05019493
-0.05037241
-0.05054823
-0.05072239
-0.05089489
-0.05106573
-0.05123490
-0.05140240
-0.05156823
-0.05173239
-0.05189488
-0.05205569
-0.05221482
-0.05237227
-0.05252804
-0.05268213
-0.05283453
-0.05298524
-0.05313427
-0.05328161
-0.05342725
-0.05357120
-0.05371346
-0.05385402
-0.05399288
-0.05413005
-0.05426551
-0.05439928
-0.05453134
-0.05466170
-0.05479036
-0.05491731
-0.05504255
-0.05516609
-0.05528792
-0.05540804
-0.05552646
-0.05564316
-0.05575815
-0.05587143
-0.05598300
-0.05609286
-0.05620100
-0.05630743
-0.05641215
-0.05651515
-0.05661644
-0.05671601
-0.05681387
-0.05691002
-0.05700445
-0.05709716
-0.05718817
-0.05727745
-0.05736502
-0.05745088
-0.05753502
-0.05761745
-0.05769816
-0.05777717
-0.05785445
-0.05793003
-0.05800389
-0.05807604
-0.05814648
-0.05821521
-0.05828223
-0.05834754
-0.05841114
-0.05847303
-0.05853322
-0.05859170
-0.05864848
-0.05870355
-0.05875692
-0.05880858
-0.05885855
-0.05890681
-0.05895338
-0.05899825
-0.05904142
-0.05908290
-0.05912269
-0.05916078
-0.05919718
-0.05923189
-0.05926492
-0.05929626
-0.05932592
-0.05935389
-0.05938018
-0.05940479
-0.05942773
-0.05944899
-0.05946857
-0.05948649
-0.05950273
-0.05951731
-0.05953022
-0.05954147
-0.05955105
-0.05955898
-0.05956525
-0.05956986
-0.05957282
-0.05957414
-0.05957380
-0.05957182
-0.05956819
-0.05956293
-0.05955603
-0.05954749
-0.05953732
-0.05952552
-0.05951210
-0.05949705
-0.05948037
-0.05946208
-0.05944217
-0.05942065
-0.05939752
-0.05937279
-0.05934645
-0.05931850
-0.05928897
-0.05925783
-0.05922511
-0.05919079
-0.05915489
-0.05911741
-0.05907836
-0.05903772
-0.05899552
-0.05895175
-0.05890641
-0.05885951
-0.05881105
-0.05876105
-0.05870949
-0.05865638
-0.05860173
-0.05854555
-0.05848782
-0.05842857
-0.05836779
-0.05830548
-0.05824166
-0.05817632
-0.05810947
-0.05804111
-0.05797125
-0.05789989
-0.05782703
-0.05775268
-0.05767685
-0.05759953
-0.05752074
-0.05744047
-0.05735873
-0.05727552
-0.05719086
-0.05710474
-0.05701716
-0.05692814
-0.05683768
-0.05674578
-0.05665244
-0.05655768
-0.05646149
-0.05636389
-0.05626486
-0.05616443
-0.05606260
-0.05595936
-0.05585473
-0.05574870
-0.05564130
-0.05553251
-0.05542234
-0.05531081
-0.05519791
-0.05508365
-0.05496803
-0.05485106
-0.05473275
-0.05461310
-0.05449212
-0.05436980
-0.05424616
-0.05412121
-0.05399494
-0.05386736
-0.05373848
-0.05360830
-0.05347683
-0.05334407
-0.05321004
-0.05307473
-0.05293815
-0.05280030
-0.05266120
-0.05252085
-0.05237924
-0.05223640
-0.05209232
-0.05194702
-0.05180048
-0.05165273
-0.05150377
-0.05135360
-0.05120223
-0.05104967
-0.05089592
-0.05074098
-0.05058487
-0.05042759
-0.05026914
-0.05010953
-0.04994877
-0.04978687
-0.04962382
-0.04945964
-0.04929433
-0.04912790
-0.04896036
-0.04879170
-0.04862194
-0.04845108
-0.04827914
-0.04810611
-0.04793200
-0.04775682
-0.04758057
-0.04740326
-0.04722491
-0.04704550
-0.04686506
-0.04668358
-0.04650108
-0.04631755
-0.04613301
-0.04594747
-0.04576092
-0.04557338
-0.04538485
-0.04519535
-0.04500486
-0.04481341
-0.04462100
-0.04442764
-0.04423332
-0.04403807
-0.04384188
-0.04364477
-0.04344673
-0.04324778
-0.04304793
-0.04284717
-0.04264552
-0.04244298
-0.04223957
-0.04203528
-0.04183012
-0.04162411
-0.04141724
-0.04120953
-0.04100098
-0.04079160
-0.04058139
-0.04037037
-0.04015854
-0.03994590
-0.03973247
-0.03951824
-0.03930324
-0.03908746
-0.03887091
-0.03865360
-0.03843554
-0.03821673
-0.03799717
-0.03777689
-0.03755588
-0.03733415
-0.03711171
-0.03688857
-0.03666473
-0.03644020
-0.03621498
-0.03598910
-0.03576254
-0.03553532
-0.03530745
-0.03507893
-0.03484977
-0.03461997
-0.03438956
-0.03415852
-0.03392688
-0.03369463
-0.03346178
-0.03322835
-0.03299433
-0.03275974
-0.03252459
-0.03228887
-0.03205260
-0.03181579
-0.03157843
-0.03134055
-0.03110215
-0.03086322
-0.03062379
-0.03038386
-0.03014344
-0.02990252
-0.02966113
-0.02941927
-0.02917694
-0.02893416
-0.02869092
-0.02844724
-0.02820313
-0.02795859
-0.02771363
-0.02746825
-0.02722247
-0.02697629
-0.02672972
-0.02648277
-0.02623544
-0.02598774
-0.02573968
-0.02549126
-0.02524250
-0.02499340
-0.02474396
-0.02449420
-0.02424412
-0.02399374
-0.02374305
-0.02349206
-0.02324079
-0.02298923
-0.02273740
-0.02248530
-0.02223295
-0.02198034
-0.02172749
-0.02147441
-0.02122109
-0.02096755
-0.02071379
-0.02045983
-0.02020567
-0.01995131
-0.01969677
-0.01944205
-0.01918716
-0.01893210
-0.01867689
-0.01842152
-0.01816602
-0.01791038
-0.01765461
-0.01739872
-0.01714272
-0.01688661
-0.01663040
-0.01637410
-0.01611772
-0.01586126
-0.01560472
-0.01534813
-0.01509148
-0.01483478
-0.01457804
-0.01432126
-0.01406446
-0.01380764
-0.01355080
-0.01329396
-0.01303712
-0.01278028
-0.01252347
-0.01226667
-0.01200991
-0.01175318
-0.01149649
-0.01123985
-0.01098327
-0.01072676
-0.01047032
-0.01021395
-0.00995767
-0.00970148
-0.00944539
-0.00918941
-0.00893354
-0.00867779
-0.00842217
-0.00816668
-0.00791133
-0.00765613
-0.00740108
-0.00714620
-0.00689148
-0.00663693
-0.00638257
-0.00612840
-0.00587442
-0.00562064
-0.00536707
-0.00511371
-0.00486058
-0.00460767
-0.00435500
-0.00410257
-0.00385039
-0.00359846
-0.00334679
-0.00309540
-0.00284427
-0.00259343
-0.00234288
-0.00209261
-0.00184265
-0.00159300
-0.00134366
-0.00109464
-0.00084595
-0.00059758
-0.00034956
-0.00010188
0.00014544
0.00039241
0.00063901
0.00088525
0.00113110
0.00137658
0.00162166
0.00186635
0.00211064
0.00235452
0.00259798
0.00284103
0.00308364
0.00332583
0.00356758
0.00380888
0.00404973
0.00429013
0.00453007
0.00476953
0.00500852
0.00524703
0.00548506
0.00572259
0.00595963
0.00619616
0.00643218
0.00666769
0.00690268
0.00713714
0.00737106
0.00760445
0.00783730
0.00806959
0.00830133
0.00853251
0.00876312
0.00899316
0.00922263
0.00945151
0.00967980
0.00990750
0.01013460
0.01036109
0.01058698
0.01081225
0.01103689
0.01126092
0.01148431
0.01170706
0.01192917
0.01215064
0.01237145
0.01259160
0.01281110
0.01302992
0.01324807
0.01346554
0.01368234
0.01389844
0.01411385
0.01432856
0.01454257
0.01475587
0.01496846
0.01518033
0.01539148
0.01560190
0.01581159
0.01602054
0.01622875
0.01643622
0.01664294
0.01684890
0.01705409
0.01725853
0.01746220
0.01766509
0.01786720
0.01806853
0.01826908
0.01846883
0.01866779
0.01886595
0.01906330
0.01925984
0.01945557
0.01965048
0.01984458
0.02003784
0.02023028
0.02042188
0.02061264
0.02080256
0.02099164
0.02117986
0.02136723
0.02155374
0.02173939
0.02192417
0.02210809
0.02229113
0.02247329
0.02265457
0.02283496
0.02301447
0.02319308
0.02337080
0.02354762
0.02372353
0.02389853
0.02407263
0.02424581
0.02441808
0.02458942
0.02475984
0.02492933
0.02509789
0.02526551
0.02543220
0.02559794
0.02576274
0.02592660
0.02608950
0.02625145
0.02641244
0.02657247
0.02673154
0.02688964
0.02704677
0.02720293
0.02735811
0.02751232
0.02766554
0.02781779
0.02796904
0.02811931
0.02826858
0.02841686
0.02856414
0.02871042
0.02885570
0.02899997
0.02914324
0.02928549
0.02942673
0.02956696
0.02970617
0.02984435
0.02998152
0.03011766
0.03025277
0.03038685
0.03051991
0.03065192
0.03078290
0.03091285
0.03104175
0.03116961
0.03129642
0.03142219
0.03154691
0.03167058
0.03179319
0.03191476
0.03203526
0.03215471
0.03227310
0.03239042
0.03250668
0.03262188
0.03273601
0.03284907
0.03296106
0.03307199
0.03318183
0.03329060
0.03339830
0.03350492
0.03361046
0.03371492
0.03381829
0.03392059
0.03402180
0.03412192
0.03422096
0.03431891
0.03441577
0.03451153
0.03460621
0.03469980
0.03479229
0.03488368
0.03497399
0.03506319
0.03515130
0.03523831
0.03532422
0.03540902
0.03549273
0.03557534
0.03565685
0.03573725
0.03581655
0.03589474
0.03597183
0.03604781
0.03612269
0.03619646
0.03626913
0.03634068
0.03641113
0.03648047
0.03654871
0.03661583
0.03668185
0.03674675
0.03681055
0.03687323
0.03693481
0.03699528
0.03705463
0.03711288
0.03717001
0.03722604
0.03728095
0.03733476
0.03738745
0.03743904
0.03748951
0.03753888
0.03758713
0.03763428
0.03768032
0.03772525
0.03776907
0.03781178
0.03785338
0.03789388
0.03793327
0.03797156
0.03800874
0.03804481
0.03807978
0.03811365
0.03814641
0.03817807
0.03820863
0.03823808
0.03826644
0.03829369
0.03831985
0.03834491
0.03836887
0.03839174
0.03841350
0.03843418
0.03845376
0.03847225
0.03848965
0.03850595
0.03852117
0.03853530
0.03854834
0.03856030
0.03857117
0.03858096
0.03858966
0.03859729
0.03860383
0.03860930
0.03861369
0.03861701
0.03861925
0.03862042
0.03862051
0.03861954
0.03861750
0.03861439
0.03861022
0.03860499
0.03859869
0.03859134
0.03858292
0.03857345
0.03856293
0.03855135
0.03853872
0.03852504
0.03851031
0.03849454
0.03847773
0.03845987
0.03844097
0.03842104
0.03840007
0.03837807
0.03835503
0.03833097
0.03830588
0.03827976
0.03825262
0.03822446
0.03819528
0.03816509
0.03813388
0.03810166
0.03806843
0.03803419
0.03799895
0.03796271
0.03792547
0.03788722
0.03784799
0.03780776
0.03776654
0.03772434
0.03768115
0.03763698
0.03759182
0.03754569
0.03749859
0.03745052
0.03740147
0.03735147
0.03730049
0.03724856
0.03719567
0.03714182
0.03708702
0.03703128
0.03697458
0.03691695
0.03685837
0.03679885
0.03673840
0.03667702
0.03661471
0.03655148
0.03648732
0.03642224
0.03635625
0.03628934
0.03622153
0.03615280
0.03608318
0.03601265
0.03594122
0.03586891
0.03579570
0.03572160
0.03564662
0.03557076
0.03549402
0.03541641
0.03533793
0.03525858
0.03517836
0.03509729
0.03501536
0.03493257
0.03484894
0.03476446
0.03467914
0.03459297
0.03450598
0.03441815
0.03432949
0.03424000
0.03414970
0.03405858
0.03396664
0.03387390
0.03378034
0.03368599
0.03359084
0.03349489
0.03339815
0.03330062
0.03320231
0.03310322
0.03300335
0.03290271
0.03280130
0.03269913
0.03259620
0.03249251
0.03238807
0.03228288
0.03217695
0.03207027
0.03196286
0.03185472
0.03174584
0.03163625
0.03152593
0.03141490
0.03130315
0.03119070
0.03107754
0.03096368
0.03084913
0.03073388
0.03061795
0.03050133
0.03038404
0.03026607
0.03014743
0.03002812
0.02990815
0.02978753
0.02966625
0.02954432
0.02942175
0.02929853
0.02917468
0.02905020
0.02892509
0.02879936
0.02867300
0.02854604
0.02841846
0.02829028
0.02816150
0.02803212
0.02790214
0.02777158
0.02764044
0.02750872
0.02737642
0.02724355
0.02711012
0.02697613
0.02684157
0.02670647
0.02657082
0.02643463
0.02629790
0.02616063
0.02602284
0.02588452
0.02574568
0.02560633
0.02546646
0.02532609
0.02518522
0.02504385
0.02490198
0.02475963
0.02461680
0.02447349
0.02432970
0.02418545
0.02404073
0.02389555
0.02374991
0.02360383
0.02345730
0.02331033
0.02316292
0.02301508
0.02286681
0.02271812
0.02256902
0.02241950
0.02226957
0.02211924
0.02196851
0.02181739
0.02166588
0.02151398
0.02136170
0.02120905
0.02105603
0.02090265
0.02074890
0.02059480
0.02044035
0.02028555
0.02013041
0.01997493
0.01981913
0.01966299
0.01950653
0.01934976
0.01919267
0.01903528
0.01887758
0.01871959
0.01856130
0.01840272
0.01824386
0.01808472
0.01792531
0.01776563
0.01760568
0.01744547
0.01728501
0.01712430
0.01696334
0.01680215
0.01664072
0.01647905
0.01631717
0.01615506
0.01599273
0.01583019
0.01566745
0.01550450
0.01534136
0.01517803
0.01501451
0.01485080
0.01468692
0.01452287
0.01435864
0.01419426
0.01402971
0.01386501
0.01370017
0.01353517
0.01337004
0.01320478
0.01303938
0.01287386
0.01270822
0.01254247
0.01237660
0.01221063
0.01204455
0.01187838
0.01171212
0.01154577
0.01137934
0.01121283
0.01104625
0.01087961
0.01071289
0.01054612
0.01037930
0.01021243
0.01004551
0.00987855
0.00971156
0.00954454
0.00937749
0.00921042
0.00904333
0.00887624
0.00870913
0.00854203
0.00837492
0.00820783
0.00804074
0.00787367
0.00770662
0.00753960
0.00737261
0.00720565
0.00703873
0.00687186
0.00670503
0.00653826
0.00637154
0.00620489
0.00603830
0.00587179
0.00570535
0.00553899
0.00537271
0.00520653
0.00504044
0.00487444
0.00470855
0.00454277
0.00437710
0.00421154
0.00404610
0.00388079
0.00371561
0.00355056
0.00338565
0.00322089
0.00305627
0.00289180
0.00272749
0.00256333
0.00239934
0.00223552
0.00207187
0.00190840
0.00174512
0.00158201
0.00141910
0.00125638
0.00109386
0.00093154
0.00076943
0.00060754
0.00044585
0.00028439
0.00012315
-0.00003786
-0.00019864
-0.00035919
-0.00051949
-0.00067955
-0.00083936
-0.00099892
-0.00115822
-0.00131726
-0.00147604
-0.00163454
-0.00179277
-0.00195073
-0.00210841
-0.00226580
-0.00242290
-0.00257971
-0.00273622
-0.00289243
-0.00304834
-0.00320394
-0.00335922
-0.00351419
-0.00366884
-0.00382317
-0.00397717
-0.00413083
-0.00428417
-0.00443716
-0.00458981
-0.00474211
-0.00489406
-0.00504566
-0.00519690
-0.00534778
-0.00549829
-0.00564843
-0.00579820
-0.00594760
-0.00609661
-0.00624525
-0.00639349
-0.00654135
-0.00668881
-0.00683587
-0.00698253
-0.00712879
-0.00727464
-0.00742007
-0.00756510
-0.00770970
-0.00785388
-0.00799764
-0.00814096
-0.00828386
-0.00842632
-0.00856834
-0.00870992
-0.00885105
-0.00899174
-0.00913197
-0.00927175
-0.00941107
-0.00954993
-0.00968832
-0.00982624
-0.00996370
-0.01010067
-0.01023718
-0.01037320
-0.01050873
-0.01064378
-0.01077834
-0.01091241
-0.01104598
-0.01117905
-0.01131163
-0.01144369
-0.01157525
-0.01170630
-0.01183683
-0.01196685
-0.01209634
-0.01222532
-0.01235377
-0.01248169
-0.01260908
-0.01273594
-0.01286226
-0.01298804
-0.01311328
-0.01323798
-0.01336213
-0.01348573
-0.01360877
-0.01373126
-0.01385320
-0.01397457
-0.01409538
-0.01421563
-0.01433530
-0.01445441
-0.01457294
-0.01469090
-0.01480828
-0.01492508
-0.01504130
-0.01515693
-0.01527197
-0.01538642
-0.01550029
-0.01561355
-0.01572622
-0.01583830
-0.01594976
-0.01606063
-0.01617089
-0.01628054
-0.01638959
-0.01649801
-0.01660583
-0.01671303
-0.01681961
-0.01692557
-0.01703090
-0.01713561
-0.01723970
-0.01734315
-0.01744598
-0.01754817
-0.01764973
-0.01775065
-0.01785093
-0.01795057
-0.01804957
-0.01814792
-0.01824563
-0.01834269
-0.01843910
-0.01853486
-0.01862997
-0.01872442
-0.01881822
-0.01891135
-0.01900383
-0.01909565
-0.01918680
-0.01927729
-0.01936712
-0.01945627
-0.01954476
-0.01963257
-0.01971972
-0.01980619
-0.01989198
-0.01997710
-0.02006154
-0.02014531
-0.02022839
-0.02031079
-0.02039250
-0.02047354
-0.02055388
-0.02063354
-0.02071251
-0.02079079
-0.02086838
-0.02094528
-0.02102149
-0.02109700
-0.02117182
-0.02124594
-0.02131936
-0.02139209
-0.02146411
-0.02153544
-0.02160606
-0.02167599
-0.02174521
-0.02181372
-0.02188153
-0.02194863
-0.02201503
-0.02208072
-0.02214570
-0.02220997
-0.02227354
-0.02233639
-0.02239853
-0.02245996
-0.02252067
-0.02258068
-0.02263996
-0.02269854
-0.02275639
-0.02281354
-0.02286996
-0.02292567
-0.02298066
-0.02303494
-0.02308849
-0.02314133
-0.02319345
-0.02324484
-0.02329552
-0.02334548
-0.02339471
-0.02344323
-0.02349102
-0.02353809
-0.02358444
-0.02363007
-0.02367497
-0.02371916
-0.02376261
-0.02380535
-0.02384736
-0.02388865
-0.02392922
-0.02396906
-0.02400818
-0.02404658
-0.02408425
-0.02412120
-0.02415742
-0.02419292
-0.02422770
-0.02426176
-0.02429509
-0.02432769
-0.02435958
-0.02439074
-0.02442118
-0.02445090
-0.02447989
-0.02450816
-0.02453571
-0.02456254
-0.02458865
-0.02461404
-0.02463870
-0.02466265
-0.02468588
-0.02470838
-0.02473017
-0.02475124
-0.02477159
-0.02479123
-0.02481014
-0.02482834
-0.02484583
-0.02486259
-0.02487865
-0.02489399
-0.02490861
-0.02492252
-0.02493572
-0.02494821
-0.02495999
-0.02497105
-0.02498141
-0.02499106
-0.02500000
-0.02500823
-0.02501575
-0.02502257
-0.02502869
-0.02503410
-0.02503880
-0.02504281
-0.02504611
-0.02504871
-0.02505062
-0.02505182
-0.02505233
-0.02505214
-0.02505125
-0.02504967
-0.02504740
-0.02504443
-0.02504078
-0.02503643
-0.02503139
-0.02502567
-0.02501926
-0.02501216
-0.02500438
-0.02499591
-0.02498677
-0.02497694
-0.02496643
-0.02495525
-0.02494339
-0.02493085
-0.02491764
-0.02490375
-0.02488920
-0.02487397
-0.02485808
-0.02484152
-0.02482429
-0.02480640
-0.02478784
-0.02476862
-0.02474875
-0.02472821
-0.02470702
-0.02468517
-0.02466267
-0.02463952
-0.02461571
-0.02459126
-0.02456616
-0.02454041
-0.02451402
-0.02448699
-0.02445932
-0.02443101
-0.02440206
-0.02437247
-0.02434225
-0.02431140
-0.02427992
-0.02424781
-0.02421508
-0.02418172
-0.02414773
-0.02411313
-0.02407790
-0.02404206
-0.02400561
-0.02396854
-0.02393086
-0.02389256
-0.02385367
-0.02381416
-0.02377405
-0.02373334
-0.02369203
-0.02365013
-0.02360762
-0.02356453
-0.02352084
-0.02347656
-0.02343170
-0.02338625
-0.02334022
-0.02329360
-0.02324641
-0.02319864
-0.02315030
-0.02310138
-0.02305190
-0.02300184
-0.02295123
-0.02290004
-0.02284830
-0.02279600
-0.02274314
-0.02268973
-0.02263576
-0.02258125
-0.02252619
-0.02247058
-0.02241443
-0.02235774
-0.02230051
-0.02224275
-0.02218446
-0.02212563
-0.02206628
-0.02200640
-0.02194599
-0.02188507
-0.02182362
-0.02176166
-0.02169919
-0.02163621
-0.02157272
-0.02150872
-0.02144422
-0.02137922
-0.02131371
-0.02124772
-0.02118123
-0.02111425
-0.02104678
-0.02097883
-0.02091039
-0.02084147
-0.02077208
-0.02070221
-0.02063187
-0.02056106
-0.02048978
-0.02041804
-0.02034584
-0.02027317
-0.02020005
-0.02012648
-0.02005246
-0.01997799
-0.01990307
-0.01982771
-0.01975191
-0.01967568
-0.01959901
-0.01952191
-0.01944438
-0.01936642
-0.01928804
-0.01920924
-0.01913003
-0.01905040
-0.01897035
-0.01888990
-0.01880904
-0.01872778
-0.01864612
-0.01856406
-0.01848161
-0.01839876
-0.01831553
-0.01823191
-0.01814791
-0.01806352
-0.01797876
-0.01789363
-0.01780812
-0.01772225
-0.01763601
-0.01754941
-0.01746245
-0.01737513
-0.01728745
-0.01719943
-0.01711106
-0.01702235
-0.01693329
-0.01684389
-0.01675416
-0.01666410
-0.01657371
-0.01648299
-0.01639194
-0.01630058
-0.01620890
-0.01611690
-0.01602459
-0.01593197
-0.01583905
-0.01574583
-0.01565230
-0.01555848
-0.01546437
-0.01536996
-0.01527527
-0.01518030
-0.01508504
-0.01498951
-0.01489370
-0.01479762
-0.01470127
-0.01460466
-0.01450778
-0.01441064
-0.01431325
-0.01421560
-0.01411771
-0.01401956
-0.01392118
-0.01382255
-0.01372369
-0.01362459
-0.01352526
-0.01342570
-0.01332591
-0.01322591
-0.01312568
-0.01302524
-0.01292459
-0.01282372
-0.01272265
-0.01262138
-0.01251991
-0.01241824
-0.01231637
-0.01221432
-0.01211208
-0.01200965
-0.01190704
-0.01180426
-0.01170130
-0.01159816
-0.01149486
-0.01139139
-0.01128776
-0.01118398
-0.01108003
-0.01097593
-0.01087168
-0.01076729
-0.01066275
-0.01055807
-0.01045325
-0.01034830
-0.01024322
-0.01013801
-0.01003268
-0.00992722
-0.00982165
-0.00971596
-0.00961015
-0.00950424
-0.00939822
-0.00929210
-0.00918588
-0.00907957
-0.00897316
-0.00886665
-0.00876007
-0.00865339
-0.00854664
-0.00843981
-0.00833290
-0.00822592
-0.00811887
-0.00801176
-0.00790458
-0.00779735
-0.00769006
-0.00758271
-0.00747532
-0.00736788
-0.00726039
-0.00715286
-0.00704530
-0.00693770
-0.00683007
-0.00672241
-0.00661472
-0.00650701
-0.00639928
-0.00629154
-0.00618378
-0.00607601
-0.00596824
-0.00586046
-0.00575268
-0.00564490
-0.00553712
-0.00542935
-0.00532160
-0.00521385
-0.00510613
-0.00499842
-0.00489074
-0.00478308
-0.00467545
-0.00456785
-0.00446029
-0.00435276
-0.00424528
-0.00413783
-0.00403044
-0.00392309
-0.00381580
-0.00370856
-0.00360138
-0.00349426
-0.00338720
-0.00328021
-0.00317329
-0.00306644
-0.00295967
-0.00285298
-0.00274636
-0.00263984
-0.00253339
-0.00242704
-0.00232078
-0.00221462
-0.00210855
-0.00200259
-0.00189673
-0.00179097
-0.00168533
-0.00157980
-0.00147438
-0.00136908
-0.00126390
-0.00115885
-0.00105392
-0.00094912
-0.00084445
-0.00073992
-0.00063552
-0.00053126
-0.00042715
-0.00032318
-0.00021936
-0.00011569
-0.00001217
0.00009119
0.00019440
0.00029744
0.00040032
0.00050303
0.00060557
0.00070794
0.00081014
0.00091216
0.00101400
0.00111565
0.00121713
0.00131841
0.00141951
0.00152041
0.00162112
0.00172163
0.00182194
0.00192205
0.00202195
0.00212165
0.00222114
0.00232041
0.00241947
0.00251831
0.00261693
0.00271533
0.00281351
0.00291145
0.00300917
0.00310666
0.00320391
0.00330093
0.00339771
0.00349424
0.00359053
0.00368658
0.00378238
0.00387793
0.00397322
0.00406826
0.00416304
0.00425756
0.00435182
0.00444582
0.00453955
0.00463301
0.00472620
0.00481912
0.00491176
0.00500412
0.00509621
0.00518801
0.00527953
0.00537076
0.00546171
0.00555236
0.00564273
0.00573279
0.00582257
0.00591204
0.00600121
0.00609008
0.00617864
0.00626690
0.00635485
0.00644249
0.00652981
0.00661682
0.00670352
0.00678989
0.00687595
0.00696168
0.00704709
0.00713217
0.00721692
0.00730135
0.00738544
0.00746919
0.00755262
0.00763570
0.00771845
0.00780085
0.00788291
0.00796463
0.00804600
0.00812702
0.00820769
0.00828801
0.00836798
0.00844759
0.00852684
0.00860574
0.00868428
0.00876245
0.00884026
0.00891771
0.00899479
0.00907150
0.00914784
0.00922381
0.00929940
0.00937463
0.00944947
0.00952394
0.00959803
0.00967174
0.00974507
0.00981801
0.00989057
0.00996274
0.01003452
0.01010592
0.01017692
0.01024753
0.01031775
0.01038757
0.01045700
0.01052603
0.01059466
0.01066289
0.01073071
0.01079814
0.01086516
0.01093177
0.01099798
0.01106378
0.01112918
0.01119416
0.01125873
0.01132289
0.01138663
0.01144996
0.01151287
0.01157537
0.01163744
0.01169910
0.01176034
0.01182115
0.01188154
0.01194151
0.01200105
0.01206017
0.01211886
0.01217713
0.01223496
0.01229236
0.01234934
0.01240588
0.01246199
0.01251767
0.01257291
0.01262771
0.01268208
0.01273602
0.01278951
0.01284257
0.01289518
0.01294736
0.01299910
0.01305039
0.01310124
0.01315165
0.01320161
0.01325113
0.01330020
0.01334883
0.01339701
0.01344474
0.01349202
0.01353886
0.01358524
0.01363118
0.01367666
0.01372170
0.01376628
0.01381041
0.01385408
0.01389730
0.01394007
0.01398238
0.01402424
0.01406565
0.01410659
0.01414708
0.01418712
0.01422669
0.01426581
0.01430447
0.01434268
0.01438042
0.01441770
0.01445453
0.01449089
0.01452680
0.01456224
0.01459722
0.01463175
0.01466581
0.01469941
0.01473255
0.01476522
0.01479744
0.01482919
0.01486047
0.01489130
0.01492166
0.01495156
0.01498100
0.01500997
0.01503848
0.01506653
0.01509411
0.01512123
0.01514789
0.01517408
0.01519981
0.01522508
0.01524988
0.01527422
0.01529809
0.01532150
0.01534445
0.01536693
0.01538895
0.01541051
0.01543160
0.01545223
0.01547240
0.01549210
0.01551135
0.01553013
0.01554844
0.01556630
0.01558369
0.01560063
0.01561710
0.01563311
0.01564865
0.01566374
0.01567837
0.01569254
0.01570625
0.01571950
0.01573229
0.01574462
0.01575649
0.01576791
0.01577886
0.01578936
0.01579941
0.01580899
0.01581813
0.01582680
0.01583502
0.01584279
0.01585010
0.01585696
0.01586337
0.01586932
0.01587483
0.01587988
0.01588448
0.01588863
0.01589233
0.01589558
0.01589838
0.01590073
0.01590264
0.01590410
0.01590512
0.01590569
0.01590581
0.01590549
0.01590473
0.01590353
0.01590188
0.01589979
0.01589726
0.01589430
0.01589089
0.01588705
0.01588277
0.01587805
0.01587290
0.01586731
0.01586129
0.01585483
0.01584794
0.01584063
0.01583288
0.01582470
0.01581609
0.01580706
0.01579759
0.01578771
0.01577739
0.01576666
0.01575550
0.01574392
0.01573191
0.01571949
0.01570665
0.01569339
0.01567971
0.01566561
0.01565111
0.01563618
0.01562085
0.01560510
0.01558894
0.01557237
0.01555540
0.01553801
0.01552022
0.01550203
0.01548343
0.01546443
0.01544502
0.01542522
0.01540502
0.01538441
0.01536342
0.01534202
0.01532023
0.01529805
0.01527548
0.01525251
0.01522916
0.01520541
0.01518128
0.01515677
0.01513187
0.01510659
0.01508092
0.01505488
0.01502845
0.01500165
0.01497447
0.01494692
0.01491899
0.01489069
0.01486202
0.01483298
0.01480357
0.01477379
0.01474365
0.01471315
0.01468228
0.01465105
0.01461946
0.01458751
0.01455521
0.01452255
0.01448954
0.01445617
0.01442246
0.01438839
0.01435398
0.01431922
0.01428412
0.01424867
0.01421288
0.01417675
0.01414028
0.01410348
0.01406634
0.01402886
0.01399105
0.01395292
0.01391445
0.01387566
0.01383654
0.01379709
0.01375732
0.01371723
0.01367683
0.01363610
0.01359506
0.01355370
0.01351203
0.01347005
0.01342776
0.01338516
0.01334226
0.01329905
0.01325554
0.01321172
0.01316761
0.01312320
0.01307850
0.01303350
0.01298820
0.01294262
0.01289675
0.01285059
0.01280414
0.01275741
0.01271040
0.01266311
0.01261554
0.01256769
0.01251957
0.01247118
0.01242251
0.01237358
0.01232437
0.01227490
0.01222517
0.01217518
0.01212492
0.01207441
0.01202363
0.01197261
0.01192133
0.01186980
0.01181802
0.01176599
0.01171372
0.01166120
0.01160844
0.01155544
0.01150220
0.01144873
0.01139502
0.01134108
0.01128691
0.01123251
0.01117788
0.01112303
0.01106795
0.01101265
0.01095714
0.01090140
0.01084545
0.01078929
0.01073292
0.01067633
0.01061954
0.01056254
0.01050534
0.01044794
0.01039033
0.01033253
0.01027453
0.01021634
0.01015795
0.01009938
0.01004061
0.00998166
0.00992253
0.00986321
0.00980371
0.00974404
0.00968418
0.00962415
0.00956395
0.00950358
0.00944304
0.00938234
0.00932146
0.00926043
0.00919923
0.00913788
0.00907637
0.00901470
0.00895288
0.00889091
0.00882879
0.00876653
0.00870412
0.00864156
0.00857887
0.00851603
0.00845306
0.00838995
0.00832671
0.00826334
0.00819984
0.00813622
0.00807247
0.00800859
0.00794460
0.00788048
0.00781625
0.00775190
0.00768744
0.00762287
0.00755819
0.00749340
0.00742851
0.00736351
0.00729842
0.00723322
0.00716793
0.00710254
0.00703706
0.00697149
0.00690583
0.00684008
0.00677424
0.00670833
0.00664233
0.00657625
0.00651010
0.00644387
0.00637756
0.00631119
0.00624475
0.00617824
0.00611166
0.00604502
0.00597832
0.00591156
0.00584474
0.00577787
0.00571094
0.00564397
0.00557694
0.00550986
0.00544274
0.00537558
0.00530837
0.00524113
0.00517385
0.00510653
0.00503918
0.00497179
0.00490438
0.00483694
0.00476947
0.00470198
0.00463446
0.00456693
0.00449938
0.00443181
0.00436422
0.00429663
0.00422902
0.00416141
0.00409379
0.00402616
0.00395853
0.00389090
0.00382327
0.00375565
0.00368803
0.00362041
0.00355281
0.00348521
0.00341763
0.00335006
0.00328251
0.00321497
0.00314746
0.00307996
0.00301249
0.00294505
0.00287763
0.00281025
0.00274289
0.00267557
0.00260828
0.00254103
0.00247381
0.00240664
0.00233951
0.00227242
0.00220538
0.00213839
0.00207144
0.00200455
0.00193771
0.00187093
0.00180420
0.00173753
0.00167092
0.00160437
0.00153788
0.00147146
0.00140511
0.00133883
0.00127262
0.00120648
0.00114041
0.00107442
0.00100851
0.00094268
0.00087693
0.00081126
0.00074568
0.00068018
0.00061477
0.00054945
0.00048422
0.00041909
0.00035405
0.00028911
0.00022426
0.00015952
0.00009488
0.00003034
-0.00003410
-0.00009843
-0.00016265
-0.00022676
-0.00029076
-0.00035465
-0.00041842
-0.00048207
-0.00054561
-0.00060903
-0.00067232
-0.00073550
-0.00079855
-0.00086147
-0.00092427
-0.00098694
-0.00104947
-0.00111188
-0.00117415
-0.00123629
-0.00129829
-0.00136015
-0.00142187
-0.00148345
-0.00154489
-0.00160618
-0.00166733
-0.00172833
-0.00178918
-0.00184988
-0.00191043
-0.00197083
-0.00203107
-0.00209116
-0.00215109
-0.00221086
-0.00227047
-0.00232992
-0.00238920
-0.00244832
-0.00250727
-0.00256606
-0.00262468
-0.00268313
-0.00274140
-0.00279951
-0.00285744
-0.00291519
-0.00297277
-0.00303017
-0.00308738
-0.00314442
-0.00320128
-0.00325795
-0.00331444
-0.00337074
-0.00342685
-0.00348278
-0.00353851
-0.00359406
-0.00364941
-0.00370457
-0.00375953
-0.00381430
-0.00386887
-0.00392324
-0.00397741
-0.00403138
-0.00408515
-0.00413871
-0.00419207
-0.00424523
-0.00429817
-0.00435091
-0.00440344
-0.00445576
-0.00450787
-0.00455977
-0.00461145
-0.00466291
-0.00471417
-0.00476520
-0.00481602
-0.00486661
-0.00491699
-0.00496714
-0.00501708
-0.00506679
-0.00511627
-0.00516553
-0.00521456
-0.00526337
-0.00531194
-0.00536029
-0.00540841
-0.00545629
-0.00550395
-0.00555137
-0.00559855
-0.00564550
-0.00569222
-0.00573869
-0.00578493
-0.00583093
-0.00587669
-0.00592221
-0.00596748
-0.00601252
-0.00605731
-0.00610186
-0.00614616
-0.00619021
-0.00623402
-0.00627758
-0.00632090
-0.00636396
-0.00640677
-0.00644933
-0.00649164
-0.00653370
-0.00657551
-0.00661706
-0.00665835
-0.00669939
-0.00674018
-0.00678071
-0.00682098
-0.00686099
-0.00690074
-0.00694023
-0.00697946
-0.00701843
-0.00705714
-0.00709559
-0.00713377
-0.00717169
-0.00720935
-0.00724674
-0.00728386
-0.00732072
-0.00735731
-0.00739363
-0.00742969
-0.00746548
-0.00750100
-0.00753624
-0.00757122
-0.00760593
-0.00764037
-0.00767453
-0.00770842
-0.00774204
-0.00777539
-0.00780846
-0.00784125
-0.00787378
-0.00790602
-0.00793800
-0.00796969
-0.00800111
-0.00803225
-0.00806312
-0.00809370
-0.00812401
-0.00815404
-0.00818379
-0.00821326
-0.00824245
-0.00827136
-0.00829999
-0.00832834
-0.00835641
-0.00838420
-0.00841171
-0.00843893
-0.00846587
-0.00849253
-0.00851890
-0.00854500
-0.00857080
-0.00859633
-0.00862157
-0.00864653
-0.00867120
-0.00869559
-0.00871969
-0.00874351
-0.00876704
-0.00879028
-0.00881324
-0.00883592
-0.00885831
-0.00888041
-0.00890223
-0.00892376
-0.00894500
-0.00896596
-0.00898663
-0.00900701
-0.00902711
-0.00904692
-0.00906644
-0.00908567
-0.00910462
-0.00912328
-0.00914165
-0.00915974
-0.00917754
-0.00919505
-0.00921227
-0.00922920
-0.00924585
-0.00926221
-0.00927829
-0.00929407
-0.00930957
-0.00932478
-0.00933970
-0.00935434
-0.00936869
-0.00938275
-0.00939652
-0.00941001
-0.00942321
-0.00943613
-0.00944876
-0.00946110
-0.00947315
-0.00948492
-0.00949640
-0.00950760
-0.00951851
-0.00952914
-0.00953948
-0.00954954
-0.00955931
-0.00956879
-0.00957799
-0.00958691
-0.00959554
-0.00960389
-0.00961196
-0.00961974
-0.00962724
-0.00963445
-0.00964139
-0.00964804
-0.00965441
-0.00966050
-0.00966630
-0.00967183
-0.00967707
-0.00968203
-0.00968672
-0.00969112
-0.00969525
-0.00969909
-0.00970266
-0.00970595
-0.00970896
-0.00971169
-0.00971415
-0.00971633
-0.00971823
-0.00971986
-0.00972121
-0.00972229
-0.00972309
-0.00972362
-0.00972387
-0.00972385
-0.00972356
-0.00972299
-0.00972216
-0.00972105
-0.00971967
-0.00971802
-0.00971610
-0.00971392
-0.00971146
-0.00970873
-0.00970574
-0.00970248
-0.00969895
-0.00969516
-0.00969110
-0.00968678
-0.00968219
-0.00967734
-0.00967222
-0.00966685
-0.00966121
-0.00965530
-0.00964914
-0.00964272
-0.00963604
-0.00962910
-0.00962190
-0.00961444
-0.00960673
-0.00959876
-0.00959053
-0.00958205
-0.00957331
-0.00956432
-0.00955508
-0.00954559
-0.00953584
-0.00952584
-0.00951560
-0.00950510
-0.00949435
-0.00948336
-0.00947212
-0.00946063
-0.00944890
-0.00943692
-0.00942470
-0.00941223
-0.00939953
-0.00938658
-0.00937338
-0.00935995
-0.00934628
-0.00933237
-0.00931822
-0.00930384
-0.00928922
-0.00927436
-0.00925927
-0.00924394
-0.00922838
-0.00921259
-0.00919657
-0.00918031
-0.00916383
-0.00914712
-0.00913018
-0.00911301
-0.00909562
-0.00907800
-0.00906016
-0.00904210
-0.00902381
-0.00900530
-0.00898657
-0.00896762
-0.00894845
-0.00892906
-0.00890945
-0.00888963
-0.00886960
-0.00884935
-0.00882888
-0.00880821
-0.00878732
-0.00876622
-0.00874491
-0.00872339
-0.00870167
-0.00867974
-0.00865760
-0.00863526
-0.00861272
-0.00858997
-0.00856702
-0.00854387
-0.00852052
-0.00849697
-0.00847323
-0.00844928
-0.00842515
-0.00840081
-0.00837629
-0.00835157
-0.00832666
-0.00830156
-0.00827627
-0.00825079
-0.00822512
-0.00819927
-0.00817323
-0.00814701
-0.00812060
-0.00809402
-0.00806725
-0.00804030
-0.00801317
-0.00798587
-0.00795839
-0.00793073
-0.00790290
-0.00787489
-0.00784672
-0.00781837
-0.00778985
-0.00776116
-0.00773231
-0.00770329
-0.00767410
-0.00764475
-0.00761523
-0.00758555
-0.00755571
-0.00752571
-0.00749556
-0.00746524
-0.00743477
-0.00740414
-0.00737336
-0.00734242
-0.00731134
-0.00728010
-0.00724871
-0.00721717
-0.00718549
-0.00715366
-0.00712168
-0.00708956
-0.00705730
-0.00702489
-0.00699235
-0.00695966
-0.00692684
-0.00689388
-0.00686079
-0.00682756
-0.00679419
-0.00676070
-0.00672707
-0.00669332
-0.00665943
-0.00662542
-0.00659128
-0.00655701
-0.00652263
-0.00648811
-0.00645348
-0.00641873
-0.00638386
-0.00634887
-0.00631376
-0.00627854
-0.00624320
-0.00620775
-0.00617219
-0.00613652
-0.00610073
-0.00606484
-0.00602885
-0.00599274
-0.00595653
-0.00592022
-0.00588381
-0.00584729
-0.00581068
-0.00577396
-0.00573715
-0.00570025
-0.00566324
-0.00562615
-0.00558896
-0.00555168
-0.00551431
-0.00547685
-0.00543930
-0.00540167
-0.00536395
-0.00532615
-0.00528827
-0.00525030
-0.00521225
-0.00517413
-0.00513592
-0.00509764
-0.00505929
-0.00502086
-0.00498235
-0.00494378
-0.00490513
-0.00486642
-0.00482764
-0.00478879
-0.00474987
-0.00471089
-0.00467185
-0.00463275
-0.00459358
-0.00455435
-0.00451507
-0.00447573
-0.00443633
-0.00439688
-0.00435738
-0.00431782
-0.00427821
-0.00423856
-0.00419885
-0.00415910
-0.00411930
-0.00407945
-0.00403956
-0.00399963
-0.00395966
-0.00391965
-0.00387960
-0.00383951
-0.00379939
-0.00375923
-0.00371903
-0.00367880
-0.00363854
-0.00359826
-0.00355794
-0.00351759
-0.00347722
-0.00343682
-0.00339639
-0.00335595
-0.00331548
-0.00327499
-0.00323448
-0.00319395
-0.00315341
-0.00311285
-0.00307227
-0.00303168
-0.00299108
-0.00295046
-0.00290984
-0.00286921
-0.00282856
-0.00278792
-0.00274726
-0.00270661
-0.00266594
-0.00262528
-0.00258462
-0.00254395
-0.00250329
-0.00246263
-0.00242198
-0.00238133
-0.00234068
-0.00230004
-0.00225941
-0.00221879
-0.00217818
-0.00213759
-0.00209700
-0.00205643
-0.00201588
-0.00197534
-0.00193481
-0.00189431
-0.00185383
-0.00181336
-0.00177292
-0.00173250
-0.00169211
-0.00165174
-0.00161140
-0.00157108
-0.00153080
-0.00149054
-0.00145031
-0.00141012
-0.00136996
-0.00132983
-0.00128974
-0.00124968
-0.00120966
-0.00116968
-0.00112974
-0.00108984
-0.00104998
-0.00101016
-0.00097039
-0.00093066
-0.00089097
-0.00085134
-0.00081175
-0.00077221
-0.00073272
-0.00069328
-0.00065389
-0.00061456
-0.00057528
-0.00053605
-0.00049688
-0.00045777
-0.00041872
-0.00037972
-0.00034079
-0.00030191
-0.00026310
-0.00022435
-0.00018567
-0.00014705
-0.00010849
-0.00007001
-0.00003159
0.00000676
0.00004504
0.00008325
0.00012139
0.00015945
0.00019744
0.00023536
0.00027320
0.00031096
0.00034865
0.00038626
0.00042379
0.00046123
0.00049860
0.00053588
0.00057309
0.00061020
0.00064724
0.00068418
0.00072104
0.00075782
0.00079450
0.00083109
0.00086760
0.00090401
0.00094033
0.00097656
0.00101270
0.00104874
0.00108468
0.00112053
0.00115628
0.00119193
0.00122749
0.00126294
0.00129830
0.00133355
0.00136870
0.00140375
0.00143869
0.00147353
0.00150827
0.00154290
0.00157742
0.00161183
0.00164613
0.00168033
0.00171442
0.00174839
0.00178225
0.00181600
0.00184964
0.00188316
0.00191657
0.00194987
0.00198304
0.00201610
0.00204905
0.00208187
0.00211457
0.00214716
0.00217963
0.00221197
0.00224419
0.00227629
0.00230827
0.00234012
0.00237185
0.00240345
0.00243492
0.00246627
0.00249749
0.00252859
0.00255955
0.00259039
0.00262110
0.00265167
0.00268212
0.00271243
0.00274261
0.00277266
0.00280257
0.00283235
0.00286199
0.00289150
0.00292087
0.00295011
0.00297921
0.00300817
0.00303699
0.00306567
0.00309422
0.00312262
0.00315088
0.00317900
0.00320698
0.00323482
0.00326252
0.00329007
0.00331747
0.00334474
0.00337186
0.00339883
0.00342566
0.00345234
0.00347887
0.00350526
0.00353149
0.00355758
0.00358352
0.00360932
0.00363496
0.00366045
0.00368579
0.00371098
0.00373602
0.00376090
0.00378564
0.00381022
0.00383465
0.00385892
0.00388304
0.00390701
0.00393082
0.00395447
0.00397797
0.00400132
0.00402450
0.00404753
0.00407041
0.00409312
0.00411568
0.00413808
0.00416032
0.00418240
0.00420432
0.00422609
0.00424769
0.00426913
0.00429041
0.00431154
0.00433250
0.00435329
0.00437393
0.00439441
0.00441472
0.00443487
0.00445485
0.00447468
0.00449434
0.00451383
0.00453317
0.00455233
0.00457134
0.00459018
0.00460885
0.00462736
0.00464570
0.00466388
0.00468189
0.00469974
0.00471742
0.00473493
0.00475228
0.00476946
0.00478647
0.00480332
0.00482000
0.00483651
0.00485285
0.00486903
0.00488504
0.00490088
0.00491655
0.00493205
0.00494739
0.00496255
0.00497755
0.00499238
0.00500704
0.00502153
0.00503585
0.00505000
0.00506398
0.00507780
0.00509144
0.00510492
0.00511822
0.00513136
0.00514432
0.00515712
0.00516974
0.00518220
0.00519448
0.00520660
0.00521854
0.00523032
0.00524192
0.00525336
0.00526462
0.00527572
0.00528665
0.00529740
0.00530799
0.00531840
0.00532865
0.00533872
0.00534863
0.00535836
0.00536793
0.00537732
0.00538655
0.00539560
0.00540449
0.00541321
0.00542175
0.00543013
0.00543834
0.00544638
0.00545425
0.00546195
0.00546948
0.00547684
0.00548403
0.00549106
0.00549792
0.00550460
0.00551112
0.00551747
0.00552366
0.00552967
0.00553552
0.00554120
0.00554671
0.00555206
0.00555724
0.00556225
0.00556709
0.00557177
0.00557628
0.00558062
0.00558480
0.00558881
0.00559266
0.00559634
0.00559986
0.00560321
0.00560640
0.00560942
0.00561228
0.00561497
0.00561750
0.00561986
0.00562206
0.00562410
0.00562598
0.00562769
0.00562924
0.00563063
0.00563186
0.00563292
0.00563382
0.00563457
0.00563515
0.00563557
0.00563583
0.00563593
0.00563587
0.00563565
0.00563527
0.00563474
0.00563404
0.00563319
0.00563218
0.00563101
0.00562969
0.00562821
0.00562657
0.00562477
0.00562282
0.00562072
0.00561846
0.00561604
0.00561348
0.00561075
0.00560788
0.00560485
0.00560166
0.00559833
0.00559484
0.00559120
0.00558741
0.00558347
0.00557938
0.00557514
0.00557075
0.00556621
0.00556152
0.00555668
0.00555170
0.00554656
0.00554129
0.00553586
0.00553029
0.00552457
0.00551870
0.00551269
0.00550654
0.00550024
0.00549380
0.00548722
0.00548049
0.00547362
0.00546661
0.00545946
0.00545217
0.00544474
0.00543717
0.00542945
0.00542160
0.00541362
0.00540549
0.00539722
0.00538882
0.00538029
0.00537161
0.00536281
0.00535386
0.00534479
0.00533558
0.00532623
0.00531675
0.00530715
0.00529741
0.00528753
0.00527753
0.00526740
0.00525714
0.00524675
0.00523623
0.00522558
0.00521481
0.00520390
0.00519288
0.00518172
0.00517045
0.00515904
0.00514752
0.00513587
0.00512409
0.00511220
0.00510018
0.00508805
0.00507579
0.00506341
0.00505091
0.00503830
0.00502556
0.00501271
0.00499974
0.00498666
0.00497346
0.00496014
0.00494671
0.00493317
0.00491951
0.00490574
0.00489186
0.00487786
0.00486376
0.00484954
0.00483522
0.00482079
0.00480624
0.00479159
0.00477684
0.00476197
0.00474701
0.00473193
0.00471675
0.00470147
0.00468608
0.00467060
0.00465501
0.00463931
0.00462352
0.00460763
0.00459164
0.00457555
0.00455936
0.00454307
0.00452669
0.00451021
0.00449363
0.00447697
0.00446020
0.00444334
0.00442639
0.00440935
0.00439222
0.00437500
0.00435768
0.00434028
0.00432279
0.00430520
0.00428754
0.00426978
0.00425194
0.00423402
0.00421600
0.00419791
0.00417973
0.00416147
0.00414313
0.00412470
0.00410620
0.00408761
0.00406895
0.00405021
0.00403139
0.00401249
0.00399352
0.00397447
0.00395534
0.00393615
0.00391687
0.00389753
0.00387811
0.00385862
0.00383906
0.00381943
0.00379973
0.00377997
0.00376013
0.00374023
0.00372026
0.00370022
0.00368012
0.00365995
0.00363972
0.00361943
0.00359908
0.00357866
0.00355818
0.00353764
0.00351705
0.00349639
0.00347568
0.00345490
0.00343408
0.00341319
0.00339225
0.00337126
0.00335021
0.00332911
0.00330796
0.00328675
0.00326549
0.00324419
0.00322283
0.00320143
0.00317997
0.00315847
0.00313693
0.00311533
0.00309369
0.00307201
0.00305028
0.00302851
0.00300670
0.00298485
0.00296295
0.00294101
0.00291904
0.00289702
0.00287497
0.00285288
0.00283076
0.00280859
0.00278639
0.00276416
0.00274189
0.00271959
0.00269726
0.00267490
0.00265250
0.00263008
0.00260762
0.00258514
0.00256263
0.00254009
0.00251752
0.00249493
0.00247231
0.00244966
0.00242700
0.00240430
0.00238159
0.00235886
0.00233610
0.00231332
0.00229053
0.00226771
0.00224487
0.00222202
0.00219915
0.00217627
0.00215337
0.00213045
0.00210752
0.00208457
0.00206162
0.00203865
0.00201567
0.00199267
0.00196967
0.00194666
0.00192364
0.00190061
0.00187757
0.00185453
0.00183148
0.00180843
0.00178537
0.00176231
0.00173924
0.00171617
0.00169310
0.00167003
0.00164695
0.00162388
0.00160081
0.00157773
0.00155466
0.00153160
0.00150853
0.00148547
0.00146242
0.00143937
0.00141632
0.00139329
0.00137026
0.00134723
0.00132422
0.00130121
0.00127822
0.00125523
0.00123226
0.00120930
0.00118635
0.00116341
0.00114049
0.00111758
0.00109468
0.00107181
0.00104894
0.00102610
0.00100327
0.00098046
0.00095767
0.00093490
0.00091214
0.00088941
0.00086670
0.00084401
0.00082134
0.00079870
0.00077608
0.00075348
0.00073091
0.00070837
0.00068585
0.00066335
0.00064089
0.00061845
0.00059604
0.00057366
0.00055131
0.00052898
0.00050669
0.00048443
0.00046220
0.00044001
0.00041785
0.00039572
0.00037362
0.00035156
0.00032954
0.00030755
0.00028560
0.00026368
0.00024180
0.00021996
0.00019816
0.00017640
0.00015468
0.00013299
0.00011135
0.00008975
0.00006819
0.00004668
0.00002521
0.00000378
-0.00001761
-0.00003895
-0.00006024
-0.00008149
-0.00010270
-0.00012386
-0.00014497
-0.00016603
-0.00018704
-0.00020801
-0.00022892
-0.00024979
-0.00027061
-0.00029137
-0.00031209
-0.00033275
-0.00035336
-0.00037392
-0.00039442
-0.00041487
-0.00043527
-0.00045561
-0.00047590
-0.00049613
-0.00051631
-0.00053643
-0.00055649
-0.00057649
-0.00059644
-0.00061633
-0.00063616
-0.00065593
-0.00067564
-0.00069529
-0.00071488
-0.00073441
-0.00075387
-0.00077328
-0.00079262
-0.00081190
-0.00083112
-0.00085027
-0.00086936
-0.00088839
-0.00090735
-0.00092624
-0.00094507
-0.00096384
-0.00098253
-0.00100116
-0.00101972
-0.00103822
-0.00105664
-0.00107500
-0.00109329
-0.00111151
-0.00112966
-0.00114774
-0.00116575
-0.00118369
-0.00120155
-0.00121935
-0.00123707
-0.00125472
-0.00127230
-0.00128981
-0.00130724
-0.00132460
-0.00134188
-0.00135909
-0.00137623
-0.00139329
-0.00141028
-0.00142718
-0.00144402
-0.00146077
-0.00147745
-0.00149406
-0.00151058
-0.00152703
-0.00154340
-0.00155969
-0.00157590
-0.00159204
-0.00160809
-0.00162406
-0.00163996
-0.00165577
-0.00167151
-0.00168716
-0.00170273
-0.00171822
-0.00173363
-0.00174896
-0.00176421
-0.00177937
-0.00179445
-0.00180945
-0.00182436
-0.00183919
-0.00185394
-0.00186860
-0.00188318
-0.00189767
-0.00191208
-0.00192641
-0.00194065
-0.00195480
-0.00196887
-0.00198285
-0.00199675
-0.00201056
-0.00202428
-0.00203792
-0.00205147
-0.00206493
-0.00207830
-0.00209159
-0.00210479
-0.00211790
-0.00213093
-0.00214386
-0.00215671
-0.00216946
-0.00218213
-0.00219471
-0.00220720
-0.00221960
-0.00223191
-0.00224413
-0.00225627
-0.00226831
-0.00228026
-0.00229212
-0.00230389
-0.00231557
-0.00232715
-0.00233865
-0.00235006
-0.00236137
-0.00237259
-0.00238372
-0.00239476
-0.00240571
-0.00241657
-0.00242733
-0.00243800
-0.00244858
-0.00245906
-0.00246946
-0.00247976
-0.00248997
-0.00250008
-0.00251010
-0.00252003
-0.00252987
-0.00253961
-0.00254926
-0.00255882
-0.00256828
-0.00257765
-0.00258692
-0.00259610
-0.00260519
-0.00261419
-0.00262308
-0.00263189
-0.00264060
-0.00264922
-0.00265774
-0.00266617
-0.00267451
-0.00268275
-0.00269089
-0.00269895
-0.00270690
-0.00271477
-0.00272254
-0.00273021
-0.00273779
-0.00274527
-0.00275267
-0.00275996
-0.00276716
-0.00277427
-0.00278128
-0.00278820
-0.00279502
-0.00280175
-0.00280839
-0.00281493
-0.00282137
-0.00282772
-0.00283398
-0.00284014
-0.00284620
-0.00285218
-0.00285805
-0.00286384
-0.00286953
-0.00287512
-0.00288062
-0.00288603
-0.00289134
-0.00289656
-0.00290168
-0.00290671
-0.00291165
-0.00291649
-0.00292124
-0.00292589
-0.00293045
-0.00293492
-0.00293929
-0.00294357
-0.00294776
-0.00295185
-0.00295585
-0.00295976
-0.00296357
-0.00296729
-0.00297092
-0.00297445
-0.00297789
-0.00298124
-0.00298450
-0.00298766
-0.00299073
-0.00299371
-0.00299660
-0.00299939
-0.00300210
-0.00300471
-0.00300723
-0.00300966
-0.00301199
-0.00301424
-0.00301639
-0.00301845
-0.00302043
-0.00302231
-0.00302410
-0.00302580
-0.00302741
-0.00302893
-0.00303036
-0.00303170
-0.00303295
-0.00303411
-0.00303518
-0.00303616
-0.00303706
-0.00303786
-0.00303858
-0.00303920
-0.00303974
-0.00304019
-0.00304055
-0.00304083
-0.00304102
-0.00304111
-0.00304113
-0.00304105
-0.00304089
-0.00304064
-0.00304030
-0.00303988
-0.00303938
-0.00303878
-0.00303810
-0.00303734
-0.00303649
-0.00303555
-0.00303453
-0.00303342
-0.00303224
-0.00303096
-0.00302960
-0.00302816
-0.00302664
-0.00302503
-0.00302334
-0.00302156
-0.00301970
-0.00301776
-0.00301574
-0.00301364
-0.00301145
-0.00300918
-0.00300684
-0.00300441
-0.00300190
-0.00299931
-0.00299663
-0.00299388
-0.00299105
-0.00298814
-0.00298515
-0.00298209
-0.00297894
-0.00297571
-0.00297241
-0.00296903
-0.00296557
-0.00296203
-0.00295842
-0.00295473
-0.00295096
-0.00294712
-0.00294320
-0.00293920
-0.00293513
-0.00293099
-0.00292677
-0.00292247
-0.00291810
-0.00291366
-0.00290914
-0.00290455
-0.00289989
-0.00289515
-0.00289034
-0.00288546
-0.00288051
-0.00287548
-0.00287039
-0.00286522
-0.00285998
-0.00285468
-0.00284930
-0.00284385
-0.00283833
-0.00283275
-0.00282709
-0.00282137
-0.00281558
-0.00280972
-0.00280379
-0.00279779
-0.00279173
-0.00278561
-0.00277941
-0.00277315
-0.00276683
-0.00276043
-0.00275398
-0.00274746
-0.00274087
-0.00273422
-0.00272751
-0.00272074
-0.00271390
-0.00270700
-0.00270003
-0.00269301
-0.00268592
-0.00267877
-0.00267156
-0.00266429
-0.00265696
-0.00264957
-0.00264212
-0.00263462
-0.00262705
-0.00261942
-0.00261174
-0.00260400
-0.00259620
-0.00258834
-0.00258043
-0.00257246
-0.00256444
-0.00255636
-0.00254822
-0.00254003
-0.00253179
-0.00252349
-0.00251514
-0.00250673
-0.00249827
-0.00248976
-0.00248119
-0.00247258
-0.00246391
-0.00245519
-0.00244642
-0.00243760
-0.00242873
-0.00241981
-0.00241084
-0.00240182
-0.00239275
-0.00238364
-0.00237447
-0.00236526
-0.00235601
-0.00234670
-0.00233735
-0.00232795
-0.00231851
-0.00230902
-0.00229949
-0.00228991
-0.00228029
-0.00227062
-0.00226092
-0.00225116
-0.00224137
-0.00223153
-0.00222165
-0.00221174
-0.00220177
-0.00219177
-0.00218173
-0.00217165
-0.00216153
-0.00215137
-0.00214117
-0.00213093
-0.00212066
-0.00211034
-0.00209999
-0.00208961
-0.00207918
-0.00206873
-0.00205823
-0.00204770
-0.00203714
-0.00202654
-0.00201590
-0.00200524
-0.00199453
-0.00198380
-0.00197303
-0.00196224
-0.00195141
-0.00194054
-0.00192965
-0.00191873
-0.00190778
-0.00189679
-0.00188578
-0.00187474
-0.00186367
-0.00185257
-0.00184144
-0.00183029
-0.00181911
-0.00180790
-0.00179667
-0.00178541
-0.00177412
-0.00176281
-0.00175148
-0.00174012
-0.00172873
-0.00171733
-0.00170589
-0.00169444
-0.00168297
-0.00167147
-0.00165995
-0.00164841
-0.00163685
-0.00162526
-0.00161366
-0.00160204
-0.00159040
-0.00157874
-0.00156706
-0.00155536
-0.00154365
-0.00153191
-0.00152017
-0.00150840
-0.00149662
-0.00148482
-0.00147301
-0.00146118
-0.00144933
-0.00143747
-0.00142560
-0.00141372
-0.00140182
-0.00138991
-0.00137798
-0.00136605
-0.00135410
-0.00134214
-0.00133017
-0.00131819
-0.00130620
-0.00129420
-0.00128219
-0.00127017
-0.00125814
-0.00124611
-0.00123406
-0.00122201
-0.00120995
-0.00119788
-0.00118581
-0.00117373
-0.00116165
-0.00114956
-0.00113747
-0.00112537
-0.00111326
-0.00110116
-0.00108905
-0.00107693
-0.00106481
-0.00105270
-0.00104057
-0.00102845
-0.00101633
-0.00100420
-0.00099208
-0.00097995
-0.00096782
-0.00095570
-0.00094357
-0.00093145
-0.00091933
-0.00090721
-0.00089509
-0.00088297
-0.00087086
-0.00085875
-0.00084664
-0.00083454
-0.00082244
-0.00081035
-0.00079826
-0.00078618
-0.00077410
-0.00076203
-0.00074997
-0.00073791
-0.00072586
-0.00071381
-0.00070178
-0.00068975
-0.00067773
-0.00066572
-0.00065372
-0.00064172
-0.00062974
-0.00061777
-0.00060580
-0.00059385
-0.00058191
-0.00056998
-0.00055807
-0.00054616
-0.00053427
-0.00052239
-0.00051052
-0.00049866
-0.00048682
-0.00047500
-0.00046318
-0.00045138
-0.00043960
-0.00042783
-0.00041608
-0.00040434
-0.00039262
-0.00038092
-0.00036923
-0.00035756
-0.00034591
-0.00033427
-0.00032265
-0.00031105
-0.00029947
-0.00028791
-0.00027637
-0.00026484
-0.00025334
-0.00024185
-0.00023039
-0.00021895
-0.00020752
-0.00019612
-0.00018474
-0.00017339
-0.00016205
-0.00015074
-0.00013944
-0.00012818
-0.00011693
-0.00010571
-0.00009451
-0.00008334
-0.00007219
-0.00006106
-0.00004996
-0.00003889
-0.00002784
-0.00001681
-0.00000581
0.00000516
0.00001611
0.00002703
0.00003792
0.00004878
0.00005962
0.00007043
0.00008122
0.00009197
0.00010270
0.00011339
0.00012406
0.00013470
0.00014531
0.00015589
0.00016644
0.00017696
0.00018745
0.00019791
0.00020834
0.00021874
0.00022910
0.00023944
0.00024974
0.00026001
0.00027025
0.00028046
0.00029063
0.00030077
0.00031088
0.00032095
0.00033099
0.00034100
0.00035097
0.00036091
0.00037081
0.00038068
0.00039052
0.00040032
0.00041008
0.00041981
0.00042950
0.00043916
0.00044878
0.00045837
0.00046792
0.00047743
0.00048690
0.00049634
0.00050574
0.00051510
0.00052443
0.00053372
0.00054297
0.00055218
0.00056135
0.00057049
0.00057959
0.00058864
0.00059766
0.00060664
0.00061558
0.00062448
0.00063334
0.00064216
0.00065094
0.00065968
0.00066838
0.00067704
0.00068566
0.00069424
0.00070277
0.00071127
0.00071972
0.00072814
0.00073651
0.00074484
0.00075312
0.00076137
0.00076957
0.00077773
0.00078585
0.00079393
0.00080196
0.00080995
0.00081790
0.00082580
0.00083366
0.00084148
0.00084925
0.00085698
0.00086467
0.00087231
0.00087991
0.00088746
0.00089497
0.00090244
0.00090986
0.00091724
0.00092457
0.00093185
0.00093910
0.00094629
0.00095344
0.00096055
0.00096761
0.00097463
0.00098160
0.00098852
0.00099540
0.00100223
0.00100902
0.00101576
0.00102245
0.00102910
0.00103571
0.00104226
0.00104877
0.00105523
0.00106165
0.00106802
0.00107434
0.00108062
0.00108685
0.00109303
0.00109916
0.00110525
0.00111129
0.00111729
0.00112323
0.00112913
0.00113498
0.00114079
0.00114654
0.00115225
0.00115792
0.00116353
0.00116909
0.00117461
0.00118008
0.00118551
0.00119088
0.00119621
0.00120148
0.00120672
0.00121190
0.00121703
0.00122212
0.00122716
0.00123215
0.00123709
0.00124198
0.00124682
0.00125162
0.00125637
0.00126107
0.00126572
0.00127032
0.00127488
0.00127938
0.00128384
0.00128825
0.00129261
0.00129692
0.00130119
0.00130540
0.00130957
0.00131369
0.00131776
0.00132178
0.00132575
0.00132967
0.00133355
0.00133738
0.00134116
0.00134489
0.00134857
0.00135220
0.00135578
0.00135932
0.00136281
0.00136625
0.00136964
0.00137298
0.00137627
0.00137952
0.00138272
0.00138587
0.00138897
0.00139202
0.00139502
0.00139798
0.00140089
0.00140375
0.00140656
0.00140932
0.00141204
0.00141470
0.00141732
0.00141990
0.00142242
0.00142489
0.00142732
0.00142970
0.00143204
0.00143432
0.00143656
0.00143875
0.00144089
0.00144299
0.00144504
0.00144704
0.00144899
0.00145090
0.00145275
0.00145457
0.00145633
0.00145805
0.00145972
0.00146134
0.00146292
0.00146445
0.00146594
0.00146738
0.00146877
0.00147011
0.00147141
0.00147266
0.00147387
0.00147503
0.00147614
0.00147721
0.00147824
0.00147921
0.00148014
0.00148103
0.00148187
0.00148266
0.00148341
0.00148412
0.00148478
0.00148539
0.00148596
0.00148649
0.00148697
0.00148740
0.00148779
0.00148814
0.00148844
0.00148870
0.00148891
0.00148908
0.00148921
0.00148929
0.00148933
0.00148932
0.00148927
0.00148918
0.00148904
0.00148887
0.00148864
0.00148838
0.00148807
0.00148772
0.00148733
0.00148689
0.00148642
0.00148590
0.00148534
0.00148473
0.00148409
0.00148340
0.00148267
0.00148190
0.00148109
0.00148024
0.00147934
0.00147841
0.00147743
0.00147642
0.00147536
0.00147427
0.00147313
0.00147195
0.00147073
0.00146948
0.00146818
0.00146684
0.00146547
0.00146405
0.00146260
0.00146111
0.00145957
0.00145800
0.00145639
0.00145475
0.00145306
0.00145134
0.00144957
0.00144777
0.00144594
0.00144406
0.00144215
0.00144020
0.00143821
0.00143619
0.00143413
0.00143203
0.00142990
0.00142773
0.00142552
0.00142328
0.00142100
0.00141869
0.00141634
0.00141396
0.00141154
0.00140909
0.00140660
0.00140407
0.00140152
0.00139892
0.00139630
0.00139364
0.00139094
0.00138821
0.00138545
0.00138266
0.00137983
0.00137697
0.00137407
0.00137115
0.00136819
0.00136520
0.00136217
0.00135912
0.00135603
0.00135291
0.00134976
0.00134658
0.00134337
0.00134012
0.00133685
0.00133354
0.00133021
0.00132684
0.00132345
0.00132002
0.00131657
0.00131308
0.00130957
0.00130603
0.00130246
0.00129886
0.00129523
0.00129157
0.00128788
0.00128417
0.00128043
0.00127666
0.00127286
0.00126904
0.00126519
0.00126131
0.00125741
0.00125348
0.00124952
0.00124553
0.00124153
0.00123749
0.00123343
0.00122934
0.00122523
0.00122110
0.00121693
0.00121275
0.00120854
0.00120430
0.00120004
0.00119576
0.00119146
0.00118713
0.00118277
0.00117840
0.00117400
0.00116958
0.00116513
0.00116066
0.00115618
0.00115166
0.00114713
0.00114258
0.00113800
0.00113341
0.00112879
0.00112415
0.00111949
0.00111481
0.00111011
0.00110539
0.00110065
0.00109589
0.00109111
0.00108632
0.00108150
0.00107666
0.00107181
0.00106694
0.00106204
0.00105714
0.00105221
0.00104726
0.00104230
0.00103732
0.00103233
0.00102731
0.00102228
0.00101724
0.00101217
0.00100709
0.00100200
0.00099689
0.00099176
0.00098662
0.00098146
0.00097629
0.00097111
0.00096590
0.00096069
0.00095546
0.00095022
0.00094496
0.00093969
0.00093440
0.00092911
0.00092380
0.00091847
0.00091314
0.00090779
0.00090243
0.00089706
0.00089167
0.00088628
0.00088087
0.00087545
0.00087002
0.00086458
0.00085913
0.00085367
0.00084820
0.00084272
0.00083723
0.00083173
0.00082621
0.00082069
0.00081517
0.00080963
0.00080408
0.00079853
0.00079296
0.00078739
0.00078181
0.00077622
0.00077063
0.00076502
0.00075942
0.00075380
0.00074817
0.00074254
0.00073691
0.00073126
0.00072562
0.00071996
0.00071430
0.00070863
0.00070296
0.00069729
0.00069160
0.00068592
0.00068023
0.00067453
0.00066883
0.00066313
0.00065742
0.00065171
0.00064599
0.00064028
0.00063455
0.00062883
0.00062310
0.00061737
0.00061164
0.00060591
0.00060017
0.00059443
0.00058869
0.00058295
0.00057721
0.00057147
0.00056572
0.00055998
0.00055423
0.00054848
0.00054274
0.00053699
0.00053124
0.00052550
0.00051975
0.00051400
0.00050826
0.00050252
0.00049677
0.00049103
0.00048529
0.00047955
0.00047382
0.00046808
0.00046235
0.00045662
0.00045089
0.00044517
0.00043944
0.00043373
0.00042801
0.00042230
0.00041659
0.00041088
0.00040518
0.00039948
0.00039379
0.00038810
0.00038241
0.00037673
0.00037106
0.00036539
0.00035972
0.00035406
0.00034840
0.00034275
0.00033711
0.00033147
0.00032584
0.00032021
0.00031459
0.00030898
0.00030337
0.00029777
0.00029218
0.00028660
0.00028102
0.00027545
0.00026988
0.00026433
0.00025878
0.00025324
0.00024771
0.00024218
0.00023667
0.00023116
0.00022566
0.00022017
0.00021469
0.00020922
0.00020376
0.00019831
0.00019287
0.00018743
0.00018201
0.00017660
0.00017119
0.00016580
0.00016042
0.00015505
0.00014969
0.00014433
0.00013899
0.00013367
0.00012835
0.00012304
0.00011775
0.00011246
0.00010719
0.00010193
0.00009669
0.00009145
0.00008623
0.00008102
0.00007582
0.00007063
0.00006546
0.00006030
0.00005515
0.00005001
0.00004489
0.00003978
0.00003469
0.00002961
0.00002454
0.00001949
0.00001445
0.00000942
0.00000441
-0.00000059
-0.00000557
-0.00001054
-0.00001549
-0.00002043
-0.00002536
-0.00003027
-0.00003516
-0.00004004
-0.00004491
-0.00004975
-0.00005459
-0.00005941
-0.00006421
-0.00006900
-0.00007377
-0.00007852
-0.00008326
-0.00008798
-0.00009269
-0.00009738
-0.00010205
-0.00010671
-0.00011135
-0.00011598
-0.00012058
-0.00012517
-0.00012975
-0.00013430
-0.00013884
-0.00014336
-0.00014787
-0.00015235
-0.00015682
-0.00016128
-0.00016571
-0.00017013
-0.00017452
-0.00017890
-0.00018327
-0.00018761
-0.00019194
-0.00019624
-0.00020053
-0.00020480
-0.00020906
-0.00021329
-0.00021750
-0.00022170
-0.00022588
-0.00023004
-0.00023418
-0.00023830
-0.00024240
-0.00024648
-0.00025054
-0.00025459
-0.00025861
-0.00026262
-0.00026660
-0.00027057
-0.00027451
-0.00027844
-0.00028234
-0.00028623
-0.00029010
-0.00029394
-0.00029777
-0.00030158
-0.00030536
-0.00030913
-0.00031287
-0.00031660
-0.00032030
-0.00032399
-0.00032765
-0.00033130
-0.00033492
-0.00033852
-0.00034210
-0.00034566
-0.00034920
-0.00035272
-0.00035622
-0.00035970
-0.00036315
-0.00036659
-0.00037000
-0.00037339
-0.00037677
-0.00038012
-0.00038344
-0.00038675
-0.00039004
-0.00039330
-0.00039655
-0.00039977
-0.00040297
-0.00040615
-0.00040931
-0.00041244
-0.00041556
-0.00041865
-0.00042172
-0.00042477
-0.00042780
-0.00043080
-0.00043379
-0.00043675
-0.00043969
-0.00044261
-0.00044550
-0.00044838
-0.00045123
-0.00045406
-0.00045687
-0.00045965
-0.00046242
-0.00046516
-0.00046788
-0.00047058
-0.00047325
-0.00047591
-0.00047854
-0.00048115
-0.00048373
-0.00048630
-0.00048884
-0.00049136
-0.00049386
-0.00049633
-0.00049879
-0.00050122
-0.00050363
-0.00050601
-0.00050838
-0.00051072
-0.00051304
-0.00051533
-0.00051761
-0.00051986
-0.00052209
-0.00052430
-0.00052648
-0.00052864
-0.00053078
-0.00053290
-0.00053500
-0.00053707
-0.00053912
-0.00054115
-0.00054316
-0.00054514
-0.00054710
-0.00054904
-0.00055096
-0.00055285
-0.00055472
-0.00055657
-0.00055840
-0.00056020
-0.00056199
-0.00056375
-0.00056548
-0.00056720
-0.00056889
-0.00057056
-0.00057221
-0.00057384
-0.00057545
-0.00057703
-0.00057859
-0.00058013
-0.00058164
-0.00058314
-0.00058461
-0.00058606
-0.00058749
-0.00058889
-0.00059028
-0.00059164
-0.00059298
-0.00059430
-0.00059559
-0.00059687
-0.00059812
-0.00059935
-0.00060056
-0.00060174
-0.00060291
-0.00060405
-0.00060517
-0.00060627
-0.00060735
-0.00060841
-0.00060944
-0.00061046
-0.00061145
-0.00061242
-0.00061337
-0.00061430
-0.00061521
-0.00061609
-0.00061695
-0.00061780
-0.00061862
-0.00061942
-0.00062020
-0.00062096
-0.00062169
-0.00062241
-0.00062311
-0.00062378
-0.00062443
-0.00062507
-0.00062568
-0.00062627
-0.00062684
-0.00062739
-0.00062792
-0.00062842
-0.00062891
-0.00062938
-0.00062983
-0.00063025
-0.00063066
-0.00063105
-0.00063141
-0.00063176
-0.00063208
-0.00063239
-0.00063267
-0.00063294
-0.00063318
-0.00063341
-0.00063361
-0.00063380
-0.00063396
-0.00063411
-0.00063424
-0.00063434
-0.00063443
-0.00063450
-0.00063455
-0.00063458
-0.00063459
-0.00063458
-0.00063455
-0.00063450
-0.00063444
-0.00063435
-0.00063425
-0.00063413
-0.00063398
-0.00063382
-0.00063364
-0.00063345
-0.00063323
-0.00063300
-0.00063274
-0.00063247
-0.00063218
-0.00063187
-0.00063155
-0.00063120
-0.00063084
-0.00063046
-0.00063006
-0.00062965
-0.00062921
-0.00062876
-0.00062829
-0.00062781
-0.00062730
-0.00062678
-0.00062624
-0.00062568
-0.00062511
-0.00062452
-0.00062391
-0.00062329
-0.00062265
-0.00062199
-0.00062131
-0.00062062
-0.00061992
-0.00061919
-0.00061845
-0.00061769
-0.00061692
-0.00061613
-0.00061532
-0.00061450
-0.00061366
-0.00061281
-0.00061194
-0.00061105
-0.00061015
-0.00060923
-0.00060830
-0.00060735
-0.00060638
-0.00060541
-0.00060441
-0.00060340
-0.00060238
-0.00060134
-0.00060028
-0.00059921
-0.00059813
-0.00059703
-0.00059592
-0.00059479
-0.00059364
-0.00059249
-0.00059132
-0.00059013
-0.00058893
-0.00058772
-0.00058649
-0.00058525
-0.00058399
-0.00058272
-0.00058144
-0.00058015
-0.00057884
-0.00057751
-0.00057618
-0.00057483
-0.00057347
-0.00057209
-0.00057070
-0.00056930
-0.00056788
-0.00056646
-0.00056502
-0.00056357
-0.00056210
-0.00056062
-0.00055914
-0.00055763
-0.00055612
-0.00055459
-0.00055306
-0.00055151
-0.00054995
-0.00054837
-0.00054679
-0.00054519
-0.00054359
-0.00054197
-0.00054034
-0.00053870
-0.00053704
-0.00053538
-0.00053371
-0.00053202
-0.00053033
-0.00052862
-0.00052690
-0.00052518
-0.00052344
-0.00052169
-0.00051993
-0.00051817
-0.00051639
-0.00051460
-0.00051280
-0.00051099
-0.00050918
-0.00050735
-0.00050551
-0.00050367
-0.00050181
-0.00049995
-0.00049808
-0.00049619
-0.00049430
-0.00049240
-0.00049049
-0.00048857
-0.00048665
-0.00048471
-0.00048277
-0.00048082
-0.00047886
-0.00047689
-0.00047491
-0.00047293
-0.00047094
-0.00046894
-0.00046693
-0.00046492
-0.00046289
-0.00046086
-0.00045883
-0.00045678
-0.00045473
-0.00045267
-0.00045060
-0.00044853
-0.00044645
-0.00044436
-0.00044227
-0.00044017
-0.00043807
-0.00043595
-0.00043383
-0.00043171
-0.00042958
-0.00042744
-0.00042530
-0.00042315
-0.00042099
-0.00041883
-0.00041667
-0.00041449
-0.00041232
-0.00041013
-0.00040795
-0.00040575
-0.00040356
-0.00040135
-0.00039914
-0.00039693
-0.00039471
-0.00039249
-0.00039027
-0.00038803
-0.00038580
-0.00038356
-0.00038131
-0.00037907
-0.00037681
-0.00037456
-0.00037230
-0.00037003
-0.00036777
-0.00036549
-0.00036322
-0.00036094
-0.00035866
-0.00035637
-0.00035409
-0.00035179
-0.00034950
-0.00034720
-0.00034490
-0.00034260
-0.00034029
-0.00033799
-0.00033567
-0.00033336
-0.00033105
-0.00032873
-0.00032641
-0.00032408
-0.00032176
-0.00031943
-0.00031711
-0.00031478
-0.00031244
-0.00031011
-0.00030777
-0.00030544
-0.00030310
-0.00030076
-0.00029842
-0.00029608
-0.00029374
-0.00029139
-0.00028905
-0.00028670
-0.00028435
-0.00028201
-0.00027966
-0.00027731
-0.00027496
-0.00027261
-0.00027026
-0.00026791
-0.00026556
-0.00026321
-0.00026086
-0.00025851
-0.00025616
-0.00025381
-0.00025146
-0.00024912
-0.00024677
-0.00024442
-0.00024207
-0.00023972
-0.00023738
-0.00023503
-0.00023269
-0.00023035
-0.00022800
-0.00022566
-0.00022332
-0.00022098
-0.00021864
-0.00021631
-0.00021397
-0.00021164
-0.00020931
-0.00020698
-0.00020465
-0.00020232
-0.00020000
-0.00019768
-0.00019535
-0.00019304
-0.00019072
-0.00018840
-0.00018609
-0.00018378
-0.00018148
-0.00017917
-0.00017687
-0.00017457
-0.00017227
-0.00016998
-0.00016769
-0.00016540
-0.00016311
-0.00016083
-0.00015855
-0.00015627
-0.00015400
-0.00015173
-0.00014946
-0.00014720
-0.00014494
-0.00014268
-0.00014043
-0.00013818
-0.00013593
-0.00013369
-0.00013145
-0.00012922
-0.00012699
-0.00012476
-0.00012254
-0.00012032
-0.00011810
-0.00011589
-0.00011369
-0.00011149
-0.00010929
-0.00010710
-0.00010491
-0.00010272
-0.00010055
-0.00009837
-0.00009620
-0.00009404
-0.00009188
-0.00008972
-0.00008757
-0.00008542
-0.00008328
-0.00008115
-0.00007902
-0.00007689
-0.00007477
-0.00007266
-0.00007055
-0.00006844
-0.00006635
-0.00006425
-0.00006217
-0.00006008
-0.00005801
-0.00005594
-0.00005387
-0.00005181
-0.00004976
-0.00004771
-0.00004567
-0.00004363
-0.00004160
-0.00003958
-0.00003756
-0.00003555
-0.00003355
-0.00003155
-0.00002956
-0.00002757
-0.00002559
-0.00002362
-0.00002165
-0.00001969
-0.00001773
-0.00001579
-0.00001384
-0.00001191
-0.00000998
-0.00000806
-0.00000615
-0.00000424
-0.00000234
-0.00000044
0.00000144
0.00000332
0.00000520
0.00000706
0.00000892
0.00001077
0.00001262
0.00001445
0.00001628
0.00001811
0.00001992
0.00002173
0.00002353
0.00002533
0.00002711
0.00002889
0.00003066
0.00003243
0.00003418
0.00003593
0.00003767
0.00003941
0.00004113
0.00004285
0.00004456
0.00004627
0.00004796
0.00004965
0.00005133
0.00005300
0.00005466
0.00005632
0.00005797
0.00005961
0.00006124
0.00006287
0.00006448
0.00006609
0.00006769
0.00006928
0.00007086
0.00007244
0.00007401
0.00007557
0.00007712
0.00007866
0.00008020
0.00008172
0.00008324
0.00008475
0.00008625
0.00008774
0.00008923
0.00009070
0.00009217
0.00009363
0.00009508
0.00009653
0.00009796
0.00009938
0.00010080
0.00010221
0.00010361
0.00010500
0.00010638
0.00010776
0.00010912
0.00011048
0.00011183
0.00011317
0.00011450
0.00011582
0.00011714
0.00011844
0.00011974
0.00012102
0.00012230
0.00012357
0.00012483
0.00012609
0.00012733
0.00012857
0.00012979
0.00013101
0.00013222
0.00013342
0.00013461
0.00013579
0.00013696
0.00013813
0.00013928
0.00014043
0.00014157
0.00014270
0.00014382
0.00014493
0.00014603
0.00014712
0.00014821
0.00014928
0.00015035
0.00015141
0.00015246
0.00015350
0.00015453
0.00015555
0.00015657
0.00015757
0.00015857
0.00015955
0.00016053
0.00016150
0.00016246
0.00016341
0.00016435
0.00016528
0.00016621
0.00016712
0.00016803
0.00016893
0.00016982
0.00017070
0.00017157
0.00017243
0.00017328
0.00017413
0.00017496
0.00017579
0.00017661
0.00017742
0.00017822
0.00017901
0.00017979
0.00018056
0.00018133
0.00018208
0.00018283
0.00018357
0.00018430
0.00018502
0.00018573
0.00018644
0.00018713
0.00018782
0.00018849
0.00018916
0.00018982
0.00019047
0.00019111
0.00019175
0.00019237
0.00019299
0.00019360
0.00019420
0.00019479
0.00019537
0.00019594
0.00019651
0.00019706
0.00019761
0.00019815
0.00019868
0.00019920
0.00019971
0.00020022
0.00020072
0.00020120
0.00020168
0.00020215
0.00020262
0.00020307
0.00020352
0.00020395
0.00020438
0.00020480
0.00020522
0.00020562
0.00020602
0.00020641
0.00020679
0.00020716
0.00020752
0.00020788
0.00020822
0.00020856
0.00020889
0.00020921
0.00020953
0.00020984
0.00021013
0.00021042
0.00021071
0.00021098
0.00021125
0.00021151
0.00021176
0.00021200
0.00021223
0.00021246
0.00021268
0.00021289
0.00021310
0.00021329
0.00021348
0.00021366
0.00021383
0.00021400
0.00021416
0.00021431
0.00021445
0.00021458
0.00021471
0.00021483
0.00021494
0.00021505
0.00021514
0.00021523
0.00021532
0.00021539
0.00021546
0.00021552
0.00021557
0.00021562
0.00021566
0.00021569
0.00021572
0.00021573
0.00021574
0.00021575
0.00021574
0.00021573
0.00021571
0.00021569
0.00021566
0.00021562
0.00021557
0.00021552
0.00021546
0.00021540
0.00021532
0.00021524
0.00021516
0.00021506
0.00021496
0.00021486
0.00021475
0.00021463
0.00021450
0.00021437
0.00021423
0.00021408
0.00021393
0.00021377
0.00021361
0.00021344
0.00021326
0.00021308
0.00021289
0.00021269
0.00021249
0.00021228
0.00021207
0.00021185
0.00021162
0.00021139
0.00021115
0.00021090
0.00021065
0.00021040
0.00021014
0.00020987
0.00020960
0.00020932
0.00020903
0.00020874
0.00020844
0.00020814
0.00020783
0.00020752
0.00020720
0.00020688
0.00020655
0.00020621
0.00020587
0.00020553
0.00020518
0.00020482
0.00020446
0.00020409
0.00020372
0.00020334
0.00020296
0.00020257
0.00020218
0.00020178
0.00020138
0.00020097
0.00020056
0.00020015
0.00019972
0.00019930
0.00019887
0.00019843
0.00019799
0.00019754
0.00019709
0.00019664
0.00019618
0.00019571
0.00019525
0.00019477
0.00019430
0.00019381
0.00019333
0.00019284
0.00019234
0.00019184
0.00019134
0.00019083
0.00019032
0.00018981
0.00018929
0.00018876
0.00018824
0.00018770
0.00018717
0.00018663
0.00018608
0.00018554
0.00018499
0.00018443
0.00018387
0.00018331
0.00018275
0.00018218
0.00018160
0.00018103
0.00018045
0.00017986
0.00017928
0.00017868
0.00017809
0.00017749
0.00017689
0.00017629
0.00017568
0.00017507
0.00017446
0.00017384
0.00017322
0.00017260
0.00017197
0.00017135
0.00017071
0.00017008
0.00016944
0.00016880
0.00016816
0.00016751
0.00016686
0.00016621
0.00016556
0.00016490
0.00016424
0.00016358
0.00016292
0.00016225
0.00016158
0.00016091
0.00016023
0.00015956
0.00015888
0.00015820
0.00015751
0.00015683
0.00015614
0.00015545
0.00015476
0.00015406
0.00015337
0.00015267
0.00015197
0.00015127
0.00015056
0.00014985
0.00014915
0.00014844
0.00014773
0.00014701
0.00014630
0.00014558
0.00014486
0.00014414
0.00014342
0.00014270
0.00014197
0.00014124
0.00014052
0.00013979
0.00013906
0.00013832
0.00013759
0.00013686
0.00013612
0.00013538
0.00013464
0.00013390
0.00013316
0.00013242
0.00013168
0.00013093
0.00013019
0.00012944
0.00012870
0.00012795
0.00012720
0.00012645
0.00012570
0.00012495
0.00012420
0.00012344
0.00012269
0.00012193
0.00012118
0.00012042
0.00011967
0.00011891
0.00011815
0.00011740
0.00011664
0.00011588
0.00011512
0.00011436
0.00011360
0.00011284
0.00011208
0.00011132
0.00011056
0.00010980
0.00010904
0.00010827
0.00010751
0.00010675
0.00010599
0.00010523
0.00010447
0.00010370
0.00010294
0.00010218
0.00010142
0.00010066
0.00009990
0.00009914
0.00009837
0.00009761
0.00009685
0.00009609
0.00009533
0.00009457
0.00009382
0.00009306
0.00009230
0.00009154
0.00009078
0.00009003
0.00008927
0.00008851
0.00008776
0.00008700
0.00008625
0.00008550
0.00008474
0.00008399
0.00008324
0.00008249
0.00008174
0.00008099
0.00008024
0.00007950
0.00007875
0.00007801
0.00007726
0.00007652
0.00007577
0.00007503
0.00007429
0.00007355
0.00007281
0.00007208
0.00007134
0.00007061
0.00006987
0.00006914
0.00006841
0.00006768
0.00006695
0.00006622
0.00006549
0.00006477
0.00006404
0.00006332
0.00006260
0.00006188
0.00006116
0.00006044
0.00005973
0.00005901
0.00005830
0.00005759
0.00005688
0.00005617
0.00005546
0.00005476
0.00005405
0.00005335
0.00005265
0.00005195
0.00005126
0.00005056
0.00004987
0.00004918
0.00004849
0.00004780
0.00004711
0.00004643
0.00004575
0.00004506
0.00004438
0.00004371
0.00004303
0.00004236
0.00004169
0.00004102
0.00004035
0.00003968
0.00003902
0.00003836
0.00003770
0.00003704
0.00003639
0.00003573
0.00003508
0.00003443
0.00003379
0.00003314
0.00003250
0.00003186
0.00003122
0.00003058
0.00002995
0.00002932
0.00002869
0.00002806
0.00002743
0.00002681
0.00002619
0.00002557
0.00002495
0.00002434
0.00002373
0.00002312
0.00002251
0.00002191
0.00002131
0.00002071
0.00002011
0.00001951
0.00001892
0.00001833
0.00001774
0.00001716
0.00001658
0.00001600
0.00001542
0.00001484
0.00001427
0.00001370
0.00001313
0.00001257
0.00001201
0.00001145
0.00001089
0.00001033
0.00000978
0.00000923
0.00000869
0.00000814
0.00000760
0.00000706
0.00000652
0.00000599
0.00000546
0.00000493
0.00000440
0.00000388
0.00000336
0.00000284
0.00000233
0.00000182
0.00000131
0.00000080
0.00000030
-0.00000021
-0.00000070
-0.00000120
-0.00000169
-0.00000218
-0.00000267
-0.00000316
-0.00000364
-0.00000412
-0.00000460
-0.00000507
-0.00000554
-0.00000601
-0.00000647
-0.00000694
-0.00000740
-0.00000785
-0.00000831
-0.00000876
-0.00000921
-0.00000965
-0.00001009
-0.00001053
-0.00001097
-0.00001141
-0.00001184
-0.00001227
-0.00001269
-0.00001311
-0.00001353
-0.00001395
-0.00001437
-0.00001478
-0.00001519
-0.00001559
-0.00001599
-0.00001639
-0.00001679
-0.00001718
-0.00001758
-0.00001796
-0.00001835
-0.00001873
-0.00001911
-0.00001949
-0.00001986
-0.00002023
-0.00002060
-0.00002097
-0.00002133
-0.00002169
-0.00002204
-0.00002240
-0.00002275
-0.00002310
-0.00002344
-0.00002378
-0.00002412
-0.00002446
-0.00002479
-0.00002512
-0.00002545
-0.00002578
-0.00002610
-0.00002642
-0.00002673
-0.00002705
-0.00002736
-0.00002766
-0.00002797
-0.00002827
-0.00002857
-0.00002886
-0.00002916
-0.00002945
-0.00002974
-0.00003002
-0.00003030
-0.00003058
-0.00003086
-0.00003113
-0.00003140
-0.00003167
-0.00003193
-0.00003220
-0.00003245
-0.00003271
-0.00003296
-0.00003321
-0.00003346
-0.00003371
-0.00003395
-0.00003419
-0.00003443
-0.00003466
-0.00003489
-0.00003512
-0.00003535
-0.00003557
-0.00003579
-0.00003601
-0.00003622
-0.00003643
-0.00003664
-0.00003685
-0.00003705
-0.00003725
-0.00003745
-0.00003765
-0.00003784
-0.00003803
-0.00003822
-0.00003840
-0.00003858
-0.00003876
-0.00003894
-0.00003911
-0.00003929
-0.00003945
-0.00003962
-0.00003978
-0.00003995
-0.00004010
-0.00004026
-0.00004041
-0.00004056
-0.00004071
-0.00004086
-0.00004100
-0.00004114
-0.00004128
-0.00004141
-0.00004155
-0.00004168
-0.00004180
-0.00004193
-0.00004205
-0.00004217
-0.00004229
-0.00004240
-0.00004252
-0.00004263
-0.00004273
-0.00004284
-0.00004294
-0.00004304
-0.00004314
-0.00004324
-0.00004333
-0.00004342
-0.00004351
-0.00004360
-0.00004368
-0.00004376
-0.00004384
-0.00004392
-0.00004399
-0.00004406
-0.00004413
-0.00004420
-0.00004426
-0.00004433
-0.00004439
-0.00004445
-0.00004450
-0.00004456
-0.00004461
-0.00004466
-0.00004470
-0.00004475
-0.00004479
-0.00004483
-0.00004487
-0.00004491
-0.00004494
-0.00004497
-0.00004500
-0.00004503
-0.00004506
-0.00004508
-0.00004510
-0.00004512
-0.00004514
-0.00004515
-0.00004517
-0.00004518
-0.00004519
-0.00004520
-0.00004520
-0.00004520
-0.00004520
-0.00004520
-0.00004520
-0.00004520
-0.00004519
-0.00004518
-0.00004517
-0.00004516
-0.00004514
-0.00004513
-0.00004511
-0.00004509
-0.00004507
-0.00004505
-0.00004502
-0.00004499
-0.00004497
-0.00004493
-0.00004490
-0.00004487
-0.00004483
-0.00004479
-0.00004476
-0.00004471
-0.00004467
-0.00004463
-0.00004458
-0.00004453
-0.00004448
-0.00004443
-0.00004438
-0.00004433
-0.00004427
-0.00004421
-0.00004415
-0.00004409
-0.00004403
-0.00004397
-0.00004390
-0.00004383
-0.00004377
-0.00004370
-0.00004362
-0.00004355
-0.00004348
-0.00004340
-0.00004332
-0.00004324
-0.00004316
-0.00004308
-0.00004300
-0.00004292
-0.00004283
-0.00004274
-0.00004266
-0.00004257
-0.00004247
-0.00004238
-0.00004229
-0.00004219
-0.00004210
-0.00004200
-0.00004190
-0.00004180
-0.00004170
-0.00004160
-0.00004150
-0.00004139
-0.00004129
-0.00004118
-0.00004107
-0.00004096
-0.00004085
-0.00004074
-0.00004063
-0.00004051
-0.00004040
-0.00004028
-0.00004016
-0.00004005
-0.00003993
-0.00003981
-0.00003969
-0.00003957
-0.00003944
-0.00003932
-0.00003919
-0.00003907
-0.00003894
-0.00003881
-0.00003868
-0.00003855
-0.00003842
-0.00003829
-0.00003816
-0.00003803
-0.00003789
-0.00003776
-0.00003762
-0.00003749
-0.00003735
-0.00003721
-0.00003707
-0.00003693
-0.00003679
-0.00003665
-0.00003651
-0.00003637
-0.00003623
-0.00003608
-0.00003594
-0.00003579
-0.00003565
-0.00003550
-0.00003535
-0.00003521
-0.00003506
-0.00003491
-0.00003476
-0.00003461
-0.00003446
-0.00003431
-0.00003416
-0.00003401
-0.00003385
-0.00003370
-0.00003355
-0.00003339
-0.00003324
-0.00003308
-0.00003293
-0.00003277
-0.00003261
-0.00003246
-0.00003230
-0.00003214
-0.00003198
-0.00003183
-0.00003167
-0.00003151
-0.00003135
-0.00003119
-0.00003103
-0.00003087
-0.00003071
-0.00003055
-0.00003039
-0.00003022
-0.00003006
-0.00002990
-0.00002974
-0.00002957
-0.00002941
-0.00002925
-0.00002909
-0.00002892
-0.00002876
-0.00002859
-0.00002843
-0.00002827
-0.00002810
-0.00002794
-0.00002777
-0.00002761
-0.00002744
-0.00002728
-0.00002711
-0.00002695
-0.00002678
-0.00002662
-0.00002645
-0.00002629
